4.989881181491387071e-04,0.000000000000000000e+00,2.545538467703903785e-04,0.000000000000000000e+00,1.013822784142767399e-04,0.000000000000000000e+00,2.285321297226938092e-04,6.196524588743384794e-05,1.717569639407183024e-04,0.000000000000000000e+00,1.874681008350641634e-04,6.416053421143758713e-05,1.487452523274343779e-04,1.460477545393065470e-05,1.535316085286262430e-04,1.514199827149485822e-04,2.158323351273059004e-04,1.219187394068925055e-04,2.084223808986973396e-04,1.435551995753413506e-04,1.919317295122154770e-04,2.092723590424152224e-04,1.804902955502326451e-04,1.477995584622288799e-04,1.630686812534105543e-04,1.099783469482932115e-04,1.047031682605388607e-04,7.186515002332696301e-05,1.544076871099818546e-04,1.230872445774006726e-04,1.018765122291731654e-04,9.893204692447887718e-05,1.409639316094183780e-04,9.488353797142547001e-05,1.171208397105022664e-04,2.099406753692735058e-05,0.000000000000000000e+00,0.000000000000000000e+00,0.000000000000000000e+00,0.000000000000000000e+00,0.000000000000000000e+00,0.000000000000000000e+00,0.000000000000000000e+00,0.000000000000000000e+00,0.000000000000000000e+00,0.000000000000000000e+00,0.000000000000000000e+00,0.000000000000000000e+00,0.000000000000000000e+00,0.000000000000000000e+00,0.000000000000000000e+00,0.000000000000000000e+00,0.000000000000000000e+00,0.000000000000000000e+00,0.000000000000000000e+00,0.000000000000000000e+00,0.000000000000000000e+00,0.000000000000000000e+00,0.000000000000000000e+00,0.000000000000000000e+00,0.000000000000000000e+00,0.000000000000000000e+00,0.000000000000000000e+00,0.000000000000000000e+00,0.000000000000000000e+00,0.000000000000000000e+00,0.000000000000000000e+00,0.000000000000000000e+00,0.000000000000000000e+00,0.000000000000000000e+00,0.000000000000000000e+00,0.000000000000000000e+00,0.000000000000000000e+00,0.000000000000000000e+00,0.000000000000000000e+00,0.000000000000000000e+00,0.000000000000000000e+00,0.000000000000000000e+00,0.000000000000000000e+00,0.000000000000000000e+00,0.000000000000000000e+00,0.000000000000000000e+00,0.000000000000000000e+00,0.000000000000000000e+00,0.000000000000000000e+00,0.000000000000000000e+00,0.000000000000000000e+00,0.000000000000000000e+00,0.000000000000000000e+00,0.000000000000000000e+00,0.000000000000000000e+00,0.000000000000000000e+00,3.687886530123986072e-06,2.061714699903287277e-05,0.000000000000000000e+00,0.000000000000000000e+00,0.000000000000000000e+00,2.056571384298688180e-05,4.610046533831345938e-06,0.000000000000000000e+00,4.712865222711633018e-05,2.035448959655080653e-05,0.000000000000000000e+00,0.000000000000000000e+00,0.000000000000000000e+00,1.348124026089080520e-06,2.008929250188869076e-05,9.623389645610028209e-05,4.947757500744595529e-05,6.903935363155157354e-05,8.581238511814262831e-05,1.922355241161179562e-04,7.951707819577307629e-05,8.637686195745529591e-05,1.085221399746628983e-04,8.388879897690257651e-05,5.325806404242235673e-05,8.689605468611322529e-05,1.324057486019512516e-04,4.195026259386145349e-05,4.565331348858997734e-05,4.467050609103295007e-05,2.740464498541612037e-05,0.000000000000000000e+00,2.541986845313537719e-06,0.000000000000000000e+00,0.000000000000000000e+00,0.000000000000000000e+00
1.219833558522759781e-04,0.000000000000000000e+00,8.286062555725220091e-05,0.000000000000000000e+00,1.177832178208014421e-04,1.216772285875212979e-05,3.021320819136493526e-05,7.900075898924078296e-05,1.754137604024280314e-04,1.090606036654912951e-04,0.000000000000000000e+00,0.000000000000000000e+00,0.000000000000000000e+00,0.000000000000000000e+00,0.000000000000000000e+00,0.000000000000000000e+00,2.607461665999505847e-05,3.506525796084256433e-05,0.000000000000000000e+00,1.562528702625383574e-05,0.000000000000000000e+00,0.000000000000000000e+00,0.000000000000000000e+00,0.000000000000000000e+00,0.000000000000000000e+00,0.000000000000000000e+00,0.000000000000000000e+00,0.000000000000000000e+00,0.000000000000000000e+00,1.148690904877388136e-05,0.000000000000000000e+00,0.000000000000000000e+00,0.000000000000000000e+00,0.000000000000000000e+00,0.000000000000000000e+00,0.000000000000000000e+00,0.000000000000000000e+00,0.000000000000000000e+00,0.000000000000000000e+00,0.000000000000000000e+00,0.000000000000000000e+00,0.000000000000000000e+00,0.000000000000000000e+00,0.000000000000000000e+00,0.000000000000000000e+00,0.000000000000000000e+00,0.000000000000000000e+00,0.000000000000000000e+00,0.000000000000000000e+00,0.000000000000000000e+00,0.000000000000000000e+00,0.000000000000000000e+00,0.000000000000000000e+00,0.000000000000000000e+00,0.000000000000000000e+00,0.000000000000000000e+00,0.000000000000000000e+00,0.000000000000000000e+00,0.000000000000000000e+00,0.000000000000000000e+00,0.000000000000000000e+00,0.000000000000000000e+00,0.000000000000000000e+00,0.000000000000000000e+00,0.000000000000000000e+00,0.000000000000000000e+00,0.000000000000000000e+00,0.000000000000000000e+00,0.000000000000000000e+00,0.000000000000000000e+00,0.000000000000000000e+00,0.000000000000000000e+00,0.000000000000000000e+00,0.000000000000000000e+00,0.000000000000000000e+00,0.000000000000000000e+00,0.000000000000000000e+00,0.000000000000000000e+00,0.000000000000000000e+00,0.000000000000000000e+00,0.000000000000000000e+00,0.000000000000000000e+00,0.000000000000000000e+00,0.000000000000000000e+00,0.000000000000000000e+00,0.000000000000000000e+00,0.000000000000000000e+00,0.000000000000000000e+00,0.000000000000000000e+00,0.000000000000000000e+00,3.739178708686029576e-05,3.465563423849159311e-05,5.019400227741641551e-05,2.398988219871874014e-05,6.863436979928874584e-05,1.903539718676888024e-05,6.067852599959554141e-05,1.782554100191918302e-05,0.000000000000000000e+00,1.585607260848022814e-05,0.000000000000000000e+00,0.000000000000000000e+00,0.000000000000000000e+00,0.000000000000000000e+00,0.000000000000000000e+00,0.000000000000000000e+00,3.740313534109136902e-05,3.942602919306541665e-05,3.020506667563215784e-05,8.619685569258166461e-05,1.463126490687501676e-04,2.560282457956773592e-05,7.634590886469944451e-05,7.903230946428053407e-05,2.957710219117495393e-05,0.000000000000000000e+00,4.712773720229245455e-05,2.817445129895188835e-05,0.000000000000000000e+00,7.179943452172140108e-05,7.662286980441939364e-05,3.425462481931653975e-05,3.876703923636167420e-05,4.128008885227116016e-05,3.619934475373346534e-05,0.000000000000000000e+00,0.000000000000000000e+00,1.346842883417025179e-05
3.653442579226436147e-04,2.318493394160078345e-05,9.196276552365969235e-05,0.000000000000000000e+00,4.412009007734565206e-05,0.000000000000000000e+00,0.000000000000000000e+00,0.000000000000000000e+00,0.000000000000000000e+00,0.000000000000000000e+00,0.000000000000000000e+00,0.000000000000000000e+00,0.000000000000000000e+00,0.000000000000000000e+00,0.000000000000000000e+00,0.000000000000000000e+00,0.000000000000000000e+00,0.000000000000000000e+00,0.000000000000000000e+00,1.031417897588390761e-05,0.000000000000000000e+00,0.000000000000000000e+00,0.000000000000000000e+00,0.000000000000000000e+00,0.000000000000000000e+00,0.000000000000000000e+00,0.000000000000000000e+00,0.000000000000000000e+00,0.000000000000000000e+00,6.774015116244268264e-06,3.729114308920907335e-05,7.835473269143984699e-06,0.000000000000000000e+00,0.000000000000000000e+00,0.000000000000000000e+00,0.000000000000000000e+00,0.000000000000000000e+00,0.000000000000000000e+00,0.000000000000000000e+00,0.000000000000000000e+00,0.000000000000000000e+00,0.000000000000000000e+00,0.000000000000000000e+00,0.000000000000000000e+00,0.000000000000000000e+00,0.000000000000000000e+00,0.000000000000000000e+00,0.000000000000000000e+00,0.000000000000000000e+00,0.000000000000000000e+00,0.000000000000000000e+00,0.000000000000000000e+00,0.000000000000000000e+00,0.000000000000000000e+00,0.000000000000000000e+00,0.000000000000000000e+00,0.000000000000000000e+00,0.000000000000000000e+00,0.000000000000000000e+00,0.000000000000000000e+00,0.000000000000000000e+00,0.000000000000000000e+00,0.000000000000000000e+00,0.000000000000000000e+00,0.000000000000000000e+00,0.000000000000000000e+00,0.000000000000000000e+00,0.000000000000000000e+00,0.000000000000000000e+00,0.000000000000000000e+00,0.000000000000000000e+00,0.000000000000000000e+00,0.000000000000000000e+00,0.000000000000000000e+00,0.000000000000000000e+00,0.000000000000000000e+00,0.000000000000000000e+00,0.000000000000000000e+00,0.000000000000000000e+00,0.000000000000000000e+00,0.000000000000000000e+00,2.025505439787084295e-05,0.000000000000000000e+00,0.000000000000000000e+00,0.000000000000000000e+00,0.000000000000000000e+00,0.000000000000000000e+00,0.000000000000000000e+00,0.000000000000000000e+00,1.032338970698906260e-04,5.366553823084408499e-05,2.723285507754850059e-05,1.619656620951146199e-05,6.134176066955166048e-05,6.670524035473728551e-06,4.414821078811760883e-06,1.430508733448778897e-05,0.000000000000000000e+00,8.896271764060774951e-06,4.646480147595190131e-06,0.000000000000000000e+00,0.000000000000000000e+00,0.000000000000000000e+00,0.000000000000000000e+00,0.000000000000000000e+00,0.000000000000000000e+00,3.500582155823192776e-05,0.000000000000000000e+00,4.653623711322140799e-05,1.074118514825797083e-04,6.351363859843521314e-05,7.245635611957898796e-05,1.063168536428466123e-04,5.661174389155870768e-05,1.456730256554775010e-05,4.231001225916015816e-05,0.000000000000000000e+00,3.189151205321272124e-05,7.001004013762861526e-05,5.545728219477038038e-05,2.853337099356002300e-05,6.505060448250744915e-06,1.035261569581917215e-04,7.356516060458826757e-06,0.000000000000000000e+00,0.000000000000000000e+00,0.000000000000000000e+00,5.130347540800779429e-05
2.326300617318958271e-04,0.000000000000000000e+00,9.526379673654918490e-05,0.000000000000000000e+00,0.000000000000000000e+00,0.000000000000000000e+00,0.000000000000000000e+00,0.000000000000000000e+00,0.000000000000000000e+00,0.000000000000000000e+00,0.000000000000000000e+00,0.000000000000000000e+00,0.000000000000000000e+00,0.000000000000000000e+00,0.000000000000000000e+00,0.000000000000000000e+00,0.000000000000000000e+00,0.000000000000000000e+00,0.000000000000000000e+00,0.000000000000000000e+00,0.000000000000000000e+00,0.000000000000000000e+00,5.373834667259742083e-05,0.000000000000000000e+00,0.000000000000000000e+00,0.000000000000000000e+00,0.000000000000000000e+00,0.000000000000000000e+00,0.000000000000000000e+00,0.000000000000000000e+00,4.480587522225658239e-05,0.000000000000000000e+00,0.000000000000000000e+00,0.000000000000000000e+00,0.000000000000000000e+00,0.000000000000000000e+00,0.000000000000000000e+00,0.000000000000000000e+00,0.000000000000000000e+00,0.000000000000000000e+00,0.000000000000000000e+00,0.000000000000000000e+00,0.000000000000000000e+00,0.000000000000000000e+00,0.000000000000000000e+00,0.000000000000000000e+00,0.000000000000000000e+00,0.000000000000000000e+00,0.000000000000000000e+00,0.000000000000000000e+00,0.000000000000000000e+00,0.000000000000000000e+00,0.000000000000000000e+00,0.000000000000000000e+00,0.000000000000000000e+00,0.000000000000000000e+00,0.000000000000000000e+00,0.000000000000000000e+00,0.000000000000000000e+00,0.000000000000000000e+00,0.000000000000000000e+00,0.000000000000000000e+00,0.000000000000000000e+00,0.000000000000000000e+00,0.000000000000000000e+00,0.000000000000000000e+00,0.000000000000000000e+00,0.000000000000000000e+00,0.000000000000000000e+00,0.000000000000000000e+00,0.000000000000000000e+00,0.000000000000000000e+00,0.000000000000000000e+00,0.000000000000000000e+00,0.000000000000000000e+00,0.000000000000000000e+00,0.000000000000000000e+00,0.000000000000000000e+00,0.000000000000000000e+00,0.000000000000000000e+00,0.000000000000000000e+00,3.652106524651308551e-05,0.000000000000000000e+00,0.000000000000000000e+00,2.890147329886223686e-05,1.712540060043780552e-06,0.000000000000000000e+00,0.000000000000000000e+00,1.163219172354348083e-05,1.037447615319456997e-05,0.000000000000000000e+00,5.061587498452116673e-05,1.060358255096891406e-04,2.849788627053850701e-05,1.158492073499700202e-04,1.228520302526457750e-04,6.863953104192460435e-05,5.982394847153518433e-05,3.493385023554080535e-05,0.000000000000000000e+00,0.000000000000000000e+00,0.000000000000000000e+00,0.000000000000000000e+00,0.000000000000000000e+00,0.000000000000000000e+00,7.220722130556431804e-06,1.324858208604722559e-05,0.000000000000000000e+00,6.325546487943831966e-05,3.577627692720045441e-05,5.793981619342167527e-05,6.889036928819212047e-05,4.429762060472846170e-05,3.282862515736634251e-05,3.412849731904064020e-05,0.000000000000000000e+00,1.677934561228421035e-05,0.000000000000000000e+00,0.000000000000000000e+00,0.000000000000000000e+00,1.115480380195812813e-04,4.433606513420483005e-05,3.524773315030220341e-05,4.697595084786780197e-06,6.389400137417367844e-05,6.469157547119801894e-05,1.642163348374043729e-05,9.032124531733958070e-05
2.498857653137463329e-04,4.277874397860086244e-05,1.975012935230316979e-05,0.000000000000000000e+00,0.000000000000000000e+00,0.000000000000000000e+00,0.000000000000000000e+00,0.000000000000000000e+00,0.000000000000000000e+00,0.000000000000000000e+00,0.000000000000000000e+00,0.000000000000000000e+00,0.000000000000000000e+00,0.000000000000000000e+00,0.000000000000000000e+00,0.000000000000000000e+00,0.000000000000000000e+00,0.000000000000000000e+00,0.000000000000000000e+00,0.000000000000000000e+00,0.000000000000000000e+00,0.000000000000000000e+00,0.000000000000000000e+00,2.116317740143451579e-05,1.825003542725513400e-06,3.789836550764245828e-05,0.000000000000000000e+00,0.000000000000000000e+00,0.000000000000000000e+00,0.000000000000000000e+00,0.000000000000000000e+00,0.000000000000000000e+00,0.000000000000000000e+00,0.000000000000000000e+00,0.000000000000000000e+00,0.000000000000000000e+00,0.000000000000000000e+00,0.000000000000000000e+00,0.000000000000000000e+00,0.000000000000000000e+00,0.000000000000000000e+00,0.000000000000000000e+00,0.000000000000000000e+00,0.000000000000000000e+00,0.000000000000000000e+00,0.000000000000000000e+00,0.000000000000000000e+00,0.000000000000000000e+00,0.000000000000000000e+00,0.000000000000000000e+00,0.000000000000000000e+00,0.000000000000000000e+00,0.000000000000000000e+00,0.000000000000000000e+00,0.000000000000000000e+00,2.536256616082254790e-05,3.999490040003950424e-05,3.025727546057959786e-06,0.000000000000000000e+00,0.000000000000000000e+00,0.000000000000000000e+00,0.000000000000000000e+00,0.000000000000000000e+00,0.000000000000000000e+00,0.000000000000000000e+00,0.000000000000000000e+00,0.000000000000000000e+00,0.000000000000000000e+00,0.000000000000000000e+00,0.000000000000000000e+00,0.000000000000000000e+00,0.000000000000000000e+00,0.000000000000000000e+00,0.000000000000000000e+00,0.000000000000000000e+00,2.162889997528811417e-05,4.563603291512139494e-05,0.000000000000000000e+00,0.000000000000000000e+00,0.000000000000000000e+00,0.000000000000000000e+00,0.000000000000000000e+00,0.000000000000000000e+00,0.000000000000000000e+00,7.337624077628953140e-06,0.000000000000000000e+00,0.000000000000000000e+00,0.000000000000000000e+00,0.000000000000000000e+00,5.350286292444652569e-06,7.514735394315632264e-05,5.458460069560516656e-05,1.871082631466994294e-05,8.417994340489266651e-05,0.000000000000000000e+00,1.662973697431949476e-05,4.475385625207194818e-05,3.928650880080833922e-05,0.000000000000000000e+00,0.000000000000000000e+00,0.000000000000000000e+00,0.000000000000000000e+00,0.000000000000000000e+00,0.000000000000000000e+00,0.000000000000000000e+00,2.425441859063492077e-05,0.000000000000000000e+00,0.000000000000000000e+00,7.816633275733950181e-06,3.727010324295528258e-05,2.182352859286642227e-05,7.633218189352457533e-05,8.951567422680391673e-05,4.981389365054920314e-05,6.124233333893527875e-05,1.061569409486372185e-05,6.279975561282642805e-06,1.405360713840624024e-05,8.538894520683622464e-05,9.117236277627555952e-05,5.995720038939882253e-05,3.229924283000389085e-05,5.794635178440584242e-05,2.818325137648299494e-05,1.018502028477433486e-05,4.307657279355032841e-05,8.212208309549739928e-05,6.358853752734510551e-05
6.835855868726119309e-05,0.000000000000000000e+00,0.000000000000000000e+00,0.000000000000000000e+00,0.000000000000000000e+00,0.000000000000000000e+00,0.000000000000000000e+00,0.000000000000000000e+00,0.000000000000000000e+00,0.000000000000000000e+00,0.000000000000000000e+00,0.000000000000000000e+00,0.000000000000000000e+00,0.000000000000000000e+00,0.000000000000000000e+00,0.000000000000000000e+00,0.000000000000000000e+00,0.000000000000000000e+00,0.000000000000000000e+00,0.000000000000000000e+00,0.000000000000000000e+00,0.000000000000000000e+00,0.000000000000000000e+00,0.000000000000000000e+00,0.000000000000000000e+00,0.000000000000000000e+00,0.000000000000000000e+00,0.000000000000000000e+00,0.000000000000000000e+00,0.000000000000000000e+00,0.000000000000000000e+00,0.000000000000000000e+00,0.000000000000000000e+00,0.000000000000000000e+00,0.000000000000000000e+00,0.000000000000000000e+00,0.000000000000000000e+00,0.000000000000000000e+00,0.000000000000000000e+00,0.000000000000000000e+00,0.000000000000000000e+00,0.000000000000000000e+00,0.000000000000000000e+00,0.000000000000000000e+00,0.000000000000000000e+00,0.000000000000000000e+00,0.000000000000000000e+00,0.000000000000000000e+00,0.000000000000000000e+00,0.000000000000000000e+00,0.000000000000000000e+00,0.000000000000000000e+00,0.000000000000000000e+00,0.000000000000000000e+00,1.977641141635812637e-05,0.000000000000000000e+00,2.207248628423037074e-06,0.000000000000000000e+00,0.000000000000000000e+00,0.000000000000000000e+00,0.000000000000000000e+00,0.000000000000000000e+00,0.000000000000000000e+00,0.000000000000000000e+00,0.000000000000000000e+00,0.000000000000000000e+00,0.000000000000000000e+00,0.000000000000000000e+00,0.000000000000000000e+00,0.000000000000000000e+00,0.000000000000000000e+00,0.000000000000000000e+00,0.000000000000000000e+00,0.000000000000000000e+00,6.562959233445655376e-05,2.204027241620226598e-05,3.487073957825922673e-05,8.257315259021384463e-05,3.486618380567955381e-05,0.000000000000000000e+00,9.211723713426113667e-06,0.000000000000000000e+00,1.280808578383690076e-05,0.000000000000000000e+00,4.204608327580276793e-05,7.996226284995334185e-05,5.928665783848361851e-05,0.000000000000000000e+00,6.830819250963357725e-06,2.133214570847377143e-05,1.505870383241570498e-05,8.948467849507922152e-06,1.275914728878500858e-04,4.217749882238933188e-05,6.895854724653405785e-05,1.097425876427093351e-04,1.045193530241929607e-04,5.801544288525893611e-05,0.000000000000000000e+00,0.000000000000000000e+00,0.000000000000000000e+00,0.000000000000000000e+00,0.000000000000000000e+00,0.000000000000000000e+00,4.473998408040161907e-05,2.952488924112859850e-05,1.739854807106285317e-05,9.309297531642695146e-06,2.705502263780393507e-05,0.000000000000000000e+00,3.607438521532215880e-05,1.968642493975065842e-05,0.000000000000000000e+00,2.576940862490632025e-06,0.000000000000000000e+00,0.000000000000000000e+00,0.000000000000000000e+00,0.000000000000000000e+00,0.000000000000000000e+00,3.782681397523929577e-05,4.532408370910768114e-05,8.192739976222317871e-05,5.442494032444923048e-06,3.915811523580065180e-05,5.020717931222059839e-05,2.212503658809917409e-05,1.046487083283172328e-05,1.084517116597835077e-04
6.100459493457172094e-05,0.000000000000000000e+00,0.000000000000000000e+00,0.000000000000000000e+00,0.000000000000000000e+00,0.000000000000000000e+00,0.000000000000000000e+00,0.000000000000000000e+00,0.000000000000000000e+00,0.000000000000000000e+00,0.000000000000000000e+00,0.000000000000000000e+00,0.000000000000000000e+00,0.000000000000000000e+00,0.000000000000000000e+00,0.000000000000000000e+00,0.000000000000000000e+00,0.000000000000000000e+00,0.000000000000000000e+00,0.000000000000000000e+00,0.000000000000000000e+00,0.000000000000000000e+00,0.000000000000000000e+00,0.000000000000000000e+00,0.000000000000000000e+00,0.000000000000000000e+00,0.000000000000000000e+00,0.000000000000000000e+00,0.000000000000000000e+00,0.000000000000000000e+00,0.000000000000000000e+00,0.000000000000000000e+00,0.000000000000000000e+00,0.000000000000000000e+00,0.000000000000000000e+00,0.000000000000000000e+00,0.000000000000000000e+00,0.000000000000000000e+00,0.000000000000000000e+00,0.000000000000000000e+00,0.000000000000000000e+00,0.000000000000000000e+00,0.000000000000000000e+00,0.000000000000000000e+00,0.000000000000000000e+00,0.000000000000000000e+00,0.000000000000000000e+00,0.000000000000000000e+00,0.000000000000000000e+00,0.000000000000000000e+00,0.000000000000000000e+00,0.000000000000000000e+00,0.000000000000000000e+00,4.918669333573136342e-05,6.617045595671876355e-05,6.635796441309348126e-05,4.235035946749938596e-05,0.000000000000000000e+00,0.000000000000000000e+00,0.000000000000000000e+00,0.000000000000000000e+00,0.000000000000000000e+00,0.000000000000000000e+00,0.000000000000000000e+00,0.000000000000000000e+00,0.000000000000000000e+00,0.000000000000000000e+00,0.000000000000000000e+00,0.000000000000000000e+00,0.000000000000000000e+00,0.000000000000000000e+00,7.873841671010700367e-05,5.379690618069023005e-05,4.501963115136985280e-05,0.000000000000000000e+00,9.152499244391039797e-06,1.701073926564736363e-05,1.443412681806482606e-05,0.000000000000000000e+00,2.089719433210728073e-05,5.250149135994533711e-05,7.564373193419497733e-06,7.759348531594730154e-06,1.817602302933274050e-05,6.075913844367070410e-05,4.121597105976384660e-05,7.134466538186840477e-05,6.326367761628833735e-05,5.691315964283727506e-05,6.758380287208948331e-05,8.919693940630879579e-05,1.414364895843260616e-04,4.883658791574855309e-05,6.545523062572777340e-05,1.326941489487599968e-04,4.905766467071354347e-05,0.000000000000000000e+00,1.919244563925970147e-05,2.607645751257448924e-05,0.000000000000000000e+00,6.626076662555714994e-05,2.512736739248235779e-05,5.672658720783127457e-05,2.403698392086316862e-05,5.795004321694881754e-05,0.000000000000000000e+00,0.000000000000000000e+00,3.383077538809524273e-05,0.000000000000000000e+00,0.000000000000000000e+00,0.000000000000000000e+00,0.000000000000000000e+00,0.000000000000000000e+00,0.000000000000000000e+00,0.000000000000000000e+00,0.000000000000000000e+00,0.000000000000000000e+00,0.000000000000000000e+00,0.000000000000000000e+00,0.000000000000000000e+00,3.298030542732788506e-05,1.564732732611598116e-05,1.082476460380257512e-04,5.555639397245080139e-05,2.071792074401385424e-05,4.578528077199623189e-05,4.661695576697731007e-05,1.069283687003810883e-04
1.035886245945387532e-04,0.000000000000000000e+00,0.000000000000000000e+00,0.000000000000000000e+00,0.000000000000000000e+00,0.000000000000000000e+00,0.000000000000000000e+00,0.000000000000000000e+00,0.000000000000000000e+00,0.000000000000000000e+00,0.000000000000000000e+00,0.000000000000000000e+00,0.000000000000000000e+00,0.000000000000000000e+00,0.000000000000000000e+00,0.000000000000000000e+00,0.000000000000000000e+00,0.000000000000000000e+00,0.000000000000000000e+00,0.000000000000000000e+00,0.000000000000000000e+00,0.000000000000000000e+00,0.000000000000000000e+00,0.000000000000000000e+00,0.000000000000000000e+00,0.000000000000000000e+00,0.000000000000000000e+00,0.000000000000000000e+00,0.000000000000000000e+00,0.000000000000000000e+00,0.000000000000000000e+00,0.000000000000000000e+00,0.000000000000000000e+00,0.000000000000000000e+00,0.000000000000000000e+00,0.000000000000000000e+00,0.000000000000000000e+00,0.000000000000000000e+00,0.000000000000000000e+00,0.000000000000000000e+00,0.000000000000000000e+00,0.000000000000000000e+00,0.000000000000000000e+00,0.000000000000000000e+00,0.000000000000000000e+00,0.000000000000000000e+00,0.000000000000000000e+00,0.000000000000000000e+00,0.000000000000000000e+00,0.000000000000000000e+00,0.000000000000000000e+00,0.000000000000000000e+00,1.239432517371460338e-05,7.913042377175314487e-05,4.784755389501740830e-05,3.506384083779376669e-05,4.744798554813937680e-05,4.102221294687587291e-05,4.075509485284967403e-05,0.000000000000000000e+00,0.000000000000000000e+00,0.000000000000000000e+00,0.000000000000000000e+00,0.000000000000000000e+00,0.000000000000000000e+00,0.000000000000000000e+00,0.000000000000000000e+00,0.000000000000000000e+00,4.239333121244191535e-06,4.937128993989654656e-05,7.436226498520707995e-05,1.246874806810076392e-05,4.779507319523882292e-05,2.223555819145726887e-05,4.886393233312846877e-05,8.661452469588798279e-05,4.509721067018652166e-05,0.000000000000000000e+00,0.000000000000000000e+00,0.000000000000000000e+00,9.597520443735118456e-06,0.000000000000000000e+00,8.095250926828111723e-05,4.636490715310394929e-05,6.213804456351381560e-05,6.193019360041388324e-05,9.980049836285018725e-05,4.800772613410598545e-05,2.760050619331248927e-05,2.170298156983248763e-05,1.479137343666325050e-04,2.290319847506908657e-05,8.841178046605832196e-05,6.176065520687626755e-05,9.533797868825734715e-05,4.388831456903643195e-05,1.371328564606126229e-04,5.495312529250374889e-05,1.053498720763476967e-05,8.614426843349500321e-05,3.998380072292444140e-05,5.717932648816131767e-05,6.490903344116780171e-05,1.623171502439110331e-05,6.962200545159305325e-05,5.478235217591582204e-05,4.159118958586302219e-05,2.402394938805084112e-05,0.000000000000000000e+00,0.000000000000000000e+00,0.000000000000000000e+00,0.000000000000000000e+00,0.000000000000000000e+00,0.000000000000000000e+00,0.000000000000000000e+00,0.000000000000000000e+00,2.333826593749442353e-05,0.000000000000000000e+00,0.000000000000000000e+00,0.000000000000000000e+00,0.000000000000000000e+00,6.006178117280260492e-05,8.492710963195059404e-05,2.588952537788705112e-05,5.254180213121906223e-05,1.033645333618947790e-04,0.000000000000000000e+00,6.455079997188057836e-05
1.626444532482815817e-04,0.000000000000000000e+00,0.000000000000000000e+00,0.000000000000000000e+00,0.000000000000000000e+00,0.000000000000000000e+00,0.000000000000000000e+00,0.000000000000000000e+00,0.000000000000000000e+00,0.000000000000000000e+00,0.000000000000000000e+00,0.000000000000000000e+00,0.000000000000000000e+00,0.000000000000000000e+00,0.000000000000000000e+00,0.000000000000000000e+00,0.000000000000000000e+00,0.000000000000000000e+00,0.000000000000000000e+00,0.000000000000000000e+00,0.000000000000000000e+00,0.000000000000000000e+00,0.000000000000000000e+00,0.000000000000000000e+00,0.000000000000000000e+00,0.000000000000000000e+00,0.000000000000000000e+00,0.000000000000000000e+00,0.000000000000000000e+00,0.000000000000000000e+00,0.000000000000000000e+00,0.000000000000000000e+00,0.000000000000000000e+00,0.000000000000000000e+00,0.000000000000000000e+00,0.000000000000000000e+00,0.000000000000000000e+00,0.000000000000000000e+00,0.000000000000000000e+00,0.000000000000000000e+00,0.000000000000000000e+00,0.000000000000000000e+00,0.000000000000000000e+00,0.000000000000000000e+00,0.000000000000000000e+00,0.000000000000000000e+00,0.000000000000000000e+00,0.000000000000000000e+00,0.000000000000000000e+00,0.000000000000000000e+00,0.000000000000000000e+00,0.000000000000000000e+00,1.039815299656625066e-04,1.900172946561395421e-05,7.968685984512281903e-05,8.340521257075588402e-05,9.169794477957384274e-05,6.487161739283742537e-05,4.579758693287710569e-05,7.551509656990545820e-05,0.000000000000000000e+00,0.000000000000000000e+00,0.000000000000000000e+00,5.776846153491024501e-05,0.000000000000000000e+00,3.743949585994014296e-05,2.171255874830963219e-05,4.970732029953075777e-05,2.246201673351313412e-05,4.938250140785629098e-05,4.718732037744062844e-05,6.697142528177890209e-05,5.056110400933207748e-05,3.350500164084045684e-05,5.774001157574769084e-05,5.176181177431760116e-05,3.914849434348131630e-05,1.527948560226430840e-04,5.862344202554971214e-05,0.000000000000000000e+00,2.492300314561489419e-05,5.303172998356667098e-05,2.718639789536842795e-05,1.032853435018411050e-04,9.216623546356964730e-05,6.745018109315334431e-05,7.932137301808410803e-05,7.040620034970350547e-05,1.390340581450500649e-04,9.943921596213301808e-05,8.203317610246841512e-05,1.269931412901555417e-04,1.350897774285599712e-04,2.177434925690901289e-05,5.699898490355560879e-05,1.604127621159214185e-04,7.145666839999900591e-05,5.960042788643855980e-05,6.913466227722735473e-05,0.000000000000000000e+00,3.464412387456184208e-05,1.055542721107800952e-05,1.479426569865842226e-05,7.342805541203337616e-05,3.359104154087105506e-05,2.634122914155765096e-05,4.113105945295123222e-05,2.732523200986139279e-05,0.000000000000000000e+00,0.000000000000000000e+00,0.000000000000000000e+00,0.000000000000000000e+00,3.097007172159186466e-05,1.360062540579392186e-05,5.537994376056352015e-05,2.257255577318387652e-05,0.000000000000000000e+00,0.000000000000000000e+00,0.000000000000000000e+00,0.000000000000000000e+00,0.000000000000000000e+00,0.000000000000000000e+00,0.000000000000000000e+00,7.077068902515148442e-05,2.385287265604486295e-05,0.000000000000000000e+00,5.741385954329490513e-05,4.973158536961976278e-05
1.582971921841832327e-04,0.000000000000000000e+00,0.000000000000000000e+00,0.000000000000000000e+00,0.000000000000000000e+00,0.000000000000000000e+00,0.000000000000000000e+00,0.000000000000000000e+00,0.000000000000000000e+00,0.000000000000000000e+00,0.000000000000000000e+00,0.000000000000000000e+00,0.000000000000000000e+00,0.000000000000000000e+00,0.000000000000000000e+00,0.000000000000000000e+00,0.000000000000000000e+00,0.000000000000000000e+00,0.000000000000000000e+00,0.000000000000000000e+00,0.000000000000000000e+00,0.000000000000000000e+00,0.000000000000000000e+00,0.000000000000000000e+00,0.000000000000000000e+00,0.000000000000000000e+00,0.000000000000000000e+00,0.000000000000000000e+00,0.000000000000000000e+00,0.000000000000000000e+00,0.000000000000000000e+00,0.000000000000000000e+00,0.000000000000000000e+00,0.000000000000000000e+00,0.000000000000000000e+00,0.000000000000000000e+00,0.000000000000000000e+00,0.000000000000000000e+00,0.000000000000000000e+00,0.000000000000000000e+00,0.000000000000000000e+00,0.000000000000000000e+00,0.000000000000000000e+00,0.000000000000000000e+00,0.000000000000000000e+00,0.000000000000000000e+00,0.000000000000000000e+00,0.000000000000000000e+00,0.000000000000000000e+00,0.000000000000000000e+00,0.000000000000000000e+00,1.823121823405742450e-05,0.000000000000000000e+00,6.384222771436930935e-05,4.724408847082304456e-05,1.014550645551685264e-04,6.578183501637682978e-05,9.455839283078993577e-05,3.431864130039389134e-05,7.330326818606801124e-05,8.610400669179420088e-05,4.345205399958117042e-05,1.160332856555948595e-04,2.179313018514618803e-05,1.116224134841494223e-04,1.043033824453803581e-04,4.728470651586407251e-05,2.759680194009866540e-05,7.201087982700821546e-05,4.705226889291418352e-05,1.203367249758558588e-04,5.257852679635401999e-05,1.016693903242666064e-04,6.005483900840598180e-05,6.515113691541501366e-05,8.621749176481870408e-05,8.867391634371061019e-05,9.204115800282651580e-05,4.966580185808076154e-05,1.458221837412035816e-05,0.000000000000000000e+00,0.000000000000000000e+00,0.000000000000000000e+00,2.687552382032502605e-05,1.359112304925926570e-04,8.929577293569146217e-05,1.262693939041307557e-04,1.258434153825815970e-04,7.469636132022497844e-05,4.121227018764761648e-05,1.094690896695093852e-04,4.855987266466679347e-05,2.424149769814942744e-05,7.538386024769202966e-05,1.720539847434672445e-04,6.306045267567013770e-05,7.830628691585003851e-05,6.460077169276085170e-05,1.827971241674383195e-05,5.496129972539799522e-05,2.164612349618620733e-05,3.921628209632292320e-05,1.905308600068267869e-05,5.660121891199379322e-05,0.000000000000000000e+00,8.319209444912042581e-05,8.117384641066019175e-05,1.001368319495806966e-04,2.195334195546322473e-05,0.000000000000000000e+00,0.000000000000000000e+00,0.000000000000000000e+00,4.486479911896266212e-05,0.000000000000000000e+00,0.000000000000000000e+00,0.000000000000000000e+00,0.000000000000000000e+00,0.000000000000000000e+00,0.000000000000000000e+00,0.000000000000000000e+00,0.000000000000000000e+00,3.833946607042135677e-06,2.784863627465202027e-05,5.451428337237750418e-05,5.933107868526941899e-05,6.903684898058759403e-05,4.191583346059195921e-06,5.169830035993965039e-05
4.482992102363923939e-05,0.000000000000000000e+00,0.000000000000000000e+00,0.000000000000000000e+00,0.000000000000000000e+00,0.000000000000000000e+00,0.000000000000000000e+00,0.000000000000000000e+00,0.000000000000000000e+00,0.000000000000000000e+00,0.000000000000000000e+00,0.000000000000000000e+00,0.000000000000000000e+00,0.000000000000000000e+00,0.000000000000000000e+00,0.000000000000000000e+00,0.000000000000000000e+00,0.000000000000000000e+00,0.000000000000000000e+00,0.000000000000000000e+00,0.000000000000000000e+00,0.000000000000000000e+00,0.000000000000000000e+00,0.000000000000000000e+00,0.000000000000000000e+00,0.000000000000000000e+00,0.000000000000000000e+00,0.000000000000000000e+00,0.000000000000000000e+00,0.000000000000000000e+00,0.000000000000000000e+00,0.000000000000000000e+00,0.000000000000000000e+00,0.000000000000000000e+00,0.000000000000000000e+00,0.000000000000000000e+00,0.000000000000000000e+00,0.000000000000000000e+00,0.000000000000000000e+00,0.000000000000000000e+00,0.000000000000000000e+00,0.000000000000000000e+00,0.000000000000000000e+00,0.000000000000000000e+00,0.000000000000000000e+00,0.000000000000000000e+00,0.000000000000000000e+00,0.000000000000000000e+00,0.000000000000000000e+00,0.000000000000000000e+00,0.000000000000000000e+00,0.000000000000000000e+00,2.301699751474551870e-05,4.205146611730194975e-05,5.902296580503946417e-05,9.188154834523675396e-05,9.539244608117080563e-05,8.244133786485438576e-05,1.289402880759662887e-04,1.215558993527162117e-04,1.141831703142605798e-04,3.294679901353360612e-05,4.211890432814632883e-05,6.233762771423991748e-05,8.709741535887501702e-05,3.432208122600201327e-05,5.657275972129662813e-05,1.089894142381496645e-04,1.099942195344621874e-04,6.786666029569543004e-05,4.051971490089417585e-05,1.439501467669538715e-04,1.037634020398603088e-04,1.017295204140154715e-04,5.545005174679709322e-05,3.203628145759806898e-05,1.326395462562275228e-04,4.600980191147514332e-05,9.436591285260921254e-05,9.413670036034809318e-05,9.687567798625728818e-05,1.453405868108259147e-05,5.133979334440414539e-05,0.000000000000000000e+00,4.694447449154421015e-05,6.210218522396483752e-05,1.052967287194869235e-04,2.691164677594895719e-05,8.904637806193306526e-05,1.186347300103472323e-04,4.088732279880152669e-05,1.323433411831978945e-04,1.476539462877338041e-04,1.340852759652154836e-04,7.316889390245295529e-05,6.019725411570083266e-05,1.009314300538591009e-04,5.240320068950896966e-05,1.263122333714754709e-04,9.554245049760955448e-05,3.512432715820259903e-05,3.875731578673560936e-05,8.722932345039849204e-05,3.110071623597375240e-05,2.649955538524951366e-05,6.036704412382473136e-05,1.513071397550862403e-04,2.095516296612275227e-04,1.912787648701627240e-04,7.190010168707202439e-05,6.352874474981106204e-05,0.000000000000000000e+00,0.000000000000000000e+00,0.000000000000000000e+00,0.000000000000000000e+00,0.000000000000000000e+00,0.000000000000000000e+00,0.000000000000000000e+00,0.000000000000000000e+00,0.000000000000000000e+00,1.427257805289510286e-05,1.315939286127526368e-05,0.000000000000000000e+00,2.500755429898702642e-06,3.161809321547583282e-05,6.033281579448390459e-05,1.503581049438329369e-05,1.370446715602062731e-04
0.000000000000000000e+00,0.000000000000000000e+00,0.000000000000000000e+00,0.000000000000000000e+00,0.000000000000000000e+00,0.000000000000000000e+00,0.000000000000000000e+00,0.000000000000000000e+00,0.000000000000000000e+00,0.000000000000000000e+00,0.000000000000000000e+00,0.000000000000000000e+00,0.000000000000000000e+00,0.000000000000000000e+00,0.000000000000000000e+00,0.000000000000000000e+00,0.000000000000000000e+00,0.000000000000000000e+00,0.000000000000000000e+00,0.000000000000000000e+00,0.000000000000000000e+00,0.000000000000000000e+00,0.000000000000000000e+00,0.000000000000000000e+00,0.000000000000000000e+00,0.000000000000000000e+00,0.000000000000000000e+00,0.000000000000000000e+00,0.000000000000000000e+00,0.000000000000000000e+00,0.000000000000000000e+00,0.000000000000000000e+00,0.000000000000000000e+00,0.000000000000000000e+00,0.000000000000000000e+00,0.000000000000000000e+00,0.000000000000000000e+00,0.000000000000000000e+00,0.000000000000000000e+00,0.000000000000000000e+00,0.000000000000000000e+00,0.000000000000000000e+00,0.000000000000000000e+00,0.000000000000000000e+00,0.000000000000000000e+00,0.000000000000000000e+00,0.000000000000000000e+00,0.000000000000000000e+00,0.000000000000000000e+00,0.000000000000000000e+00,0.000000000000000000e+00,0.000000000000000000e+00,0.000000000000000000e+00,2.428078829048036443e-05,6.311406494786084319e-05,5.050237535818386469e-05,6.415680915768414816e-05,1.017003208103834045e-04,8.753664032453526713e-05,5.903009926171413918e-05,8.947285942847594945e-05,1.215897229950154367e-04,7.752262687922665011e-05,7.695188571606514992e-05,7.166830724769608163e-05,1.619005767394026058e-04,1.080157738351683632e-04,7.952689958983377445e-05,1.419755910921708373e-04,1.689440974189388290e-04,1.357721357922875576e-04,8.662634824618496157e-05,1.976213130644769952e-04,6.935574239132129911e-05,1.002607892898403467e-04,1.578295305430268925e-04,9.025406139342435463e-05,8.746975765027696127e-05,7.061909363546588615e-05,0.000000000000000000e+00,4.962620739157087857e-05,7.001630096561915480e-05,3.773270672811873905e-05,8.966032926208942794e-05,1.434719009971928926e-04,7.663346660546513183e-05,9.860301246555745356e-05,1.672092952022675560e-04,9.987128281196432414e-05,7.016563220793238422e-05,1.432675515313027066e-04,8.679454069111069536e-05,1.208503147850112862e-04,7.041509648000429298e-05,1.979485898629020221e-04,1.289345239155605756e-04,9.805210191779110355e-05,1.658480902763752307e-04,1.606909450682330708e-04,8.784512853531224611e-05,5.993131708870851353e-05,8.043089883909438221e-05,4.942293622467267971e-05,5.359477795740641670e-05,6.975840494306557570e-05,1.298506245565156478e-04,9.430021265378252433e-05,8.313209772378653121e-05,6.802598920552353778e-05,9.827523148576126780e-05,3.576044072300053732e-05,0.000000000000000000e+00,0.000000000000000000e+00,5.821361139217774320e-06,2.739983713353500775e-05,6.517833431238035234e-06,0.000000000000000000e+00,0.000000000000000000e+00,0.000000000000000000e+00,8.938006821843435477e-06,0.000000000000000000e+00,0.000000000000000000e+00,0.000000000000000000e+00,3.777392623703825235e-05,0.000000000000000000e+00,1.257439611704271769e-04,7.923028005721179481e-05,4.829577030589304410e-05
0.000000000000000000e+00,0.000000000000000000e+00,0.000000000000000000e+00,0.000000000000000000e+00,0.000000000000000000e+00,0.000000000000000000e+00,0.000000000000000000e+00,0.000000000000000000e+00,0.000000000000000000e+00,0.000000000000000000e+00,0.000000000000000000e+00,0.000000000000000000e+00,0.000000000000000000e+00,0.000000000000000000e+00,0.000000000000000000e+00,0.000000000000000000e+00,0.000000000000000000e+00,0.000000000000000000e+00,0.000000000000000000e+00,0.000000000000000000e+00,0.000000000000000000e+00,0.000000000000000000e+00,0.000000000000000000e+00,2.417904994418229079e-05,3.243979802932746737e-05,7.065462821244456663e-05,0.000000000000000000e+00,0.000000000000000000e+00,0.000000000000000000e+00,0.000000000000000000e+00,0.000000000000000000e+00,0.000000000000000000e+00,0.000000000000000000e+00,0.000000000000000000e+00,0.000000000000000000e+00,0.000000000000000000e+00,0.000000000000000000e+00,0.000000000000000000e+00,0.000000000000000000e+00,0.000000000000000000e+00,0.000000000000000000e+00,0.000000000000000000e+00,0.000000000000000000e+00,0.000000000000000000e+00,0.000000000000000000e+00,0.000000000000000000e+00,0.000000000000000000e+00,0.000000000000000000e+00,0.000000000000000000e+00,0.000000000000000000e+00,0.000000000000000000e+00,0.000000000000000000e+00,0.000000000000000000e+00,4.294853781126366585e-05,5.629268807870461191e-05,4.256521025151614496e-05,4.975708738149756398e-05,8.511097140339040105e-05,3.966474855324200678e-05,8.086210804381366833e-05,6.225184312438061189e-05,4.506805095437108119e-06,9.389214501357474472e-05,6.641558444421834283e-05,7.349567253495715459e-05,4.316527139990694020e-05,6.554558123476485047e-05,1.483828860666076084e-04,1.262425474175821454e-04,1.338321532182551834e-04,6.718841866169483821e-05,1.666488566384625926e-04,1.000623433141398038e-04,1.420132717743003000e-04,9.687247487772647373e-05,7.684261068811785273e-05,1.292664538079673112e-04,1.252626262233577095e-04,1.035249331520234870e-04,1.182907000608301681e-04,3.143902108622729586e-05,5.412075698522099724e-05,7.824911400715350591e-05,5.337043226439817744e-05,7.202184879611966040e-05,7.277711567428209476e-05,1.084940256667936230e-04,3.813070968127811535e-05,1.592768621429664448e-04,1.000481650177397765e-04,6.739621364868416948e-05,3.965508980182272202e-05,1.376687514869717960e-04,8.319063611581183450e-05,6.006049702525710334e-05,1.233308779666115486e-04,7.092341145877693333e-05,1.099585246387245469e-04,7.641118336775984345e-05,8.819874980693148063e-05,1.225775030218935772e-04,3.925153875138305185e-05,1.063239564270556281e-04,3.678887996843091404e-05,1.038415166816450028e-04,1.316251338441921358e-05,9.255809767172090761e-05,6.250891294228145656e-05,7.744634195725830315e-05,3.096575723799131129e-05,8.614453397186420957e-05,2.311160431447175766e-05,1.633790158448241800e-05,2.304776270864920633e-05,4.084140344895000654e-05,5.305694867205529487e-05,0.000000000000000000e+00,0.000000000000000000e+00,0.000000000000000000e+00,3.397680816215433900e-05,1.539669237624252733e-05,3.396004091408215381e-05,0.000000000000000000e+00,0.000000000000000000e+00,5.914478014080581581e-06,7.425369703574624257e-05,0.000000000000000000e+00,1.466707577023429834e-04
0.000000000000000000e+00,0.000000000000000000e+00,0.000000000000000000e+00,0.000000000000000000e+00,0.000000000000000000e+00,0.000000000000000000e+00,0.000000000000000000e+00,0.000000000000000000e+00,0.000000000000000000e+00,0.000000000000000000e+00,0.000000000000000000e+00,0.000000000000000000e+00,0.000000000000000000e+00,0.000000000000000000e+00,0.000000000000000000e+00,0.000000000000000000e+00,0.000000000000000000e+00,0.000000000000000000e+00,0.000000000000000000e+00,0.000000000000000000e+00,0.000000000000000000e+00,0.000000000000000000e+00,3.099750072900119908e-05,1.434163093339078780e-04,8.534387440639279129e-05,1.421663665472382073e-05,7.131578034959504546e-05,1.089613776446681504e-05,0.000000000000000000e+00,0.000000000000000000e+00,0.000000000000000000e+00,0.000000000000000000e+00,0.000000000000000000e+00,0.000000000000000000e+00,0.000000000000000000e+00,0.000000000000000000e+00,0.000000000000000000e+00,0.000000000000000000e+00,0.000000000000000000e+00,0.000000000000000000e+00,0.000000000000000000e+00,0.000000000000000000e+00,0.000000000000000000e+00,0.000000000000000000e+00,0.000000000000000000e+00,0.000000000000000000e+00,0.000000000000000000e+00,0.000000000000000000e+00,0.000000000000000000e+00,0.000000000000000000e+00,0.000000000000000000e+00,0.000000000000000000e+00,0.000000000000000000e+00,3.015306932803701862e-05,0.000000000000000000e+00,4.732992916417055190e-05,0.000000000000000000e+00,0.000000000000000000e+00,3.791905132089086315e-05,0.000000000000000000e+00,0.000000000000000000e+00,0.000000000000000000e+00,0.000000000000000000e+00,4.103884937626805921e-05,6.681428845779711212e-06,6.508636057511213338e-05,1.031422806043898042e-04,2.318314080836587061e-05,4.749208477907741337e-05,9.825338681123364716e-05,1.616071310262840062e-04,4.884187017263826611e-05,6.556289933532841012e-05,1.204786716003695835e-05,7.200165533965784256e-05,7.223708854675404197e-05,1.329020345169247823e-04,2.316663955900067029e-05,1.002757904035029272e-04,1.673806805141571713e-05,1.381349053036319617e-04,8.647459944406365082e-06,0.000000000000000000e+00,3.033222603297835553e-05,8.385432678710235646e-05,1.019014562753925353e-04,1.674486182413052098e-04,1.219065400792416316e-04,8.789844360528556607e-05,2.397931760422911904e-05,6.694445532804372357e-06,9.455330244047225751e-05,2.502292141960685214e-05,4.208214310722119717e-05,9.294305627346232464e-05,9.789290533965279136e-05,1.088248914193943142e-04,1.173193060056081609e-04,1.625108929909800312e-04,1.461381516954168098e-04,1.111619372596321306e-04,9.210757903882437999e-05,6.546215257635045707e-05,7.508318544719571198e-05,3.231459915943995376e-05,8.620962726836911051e-05,8.454545753969312869e-05,4.128982573123610034e-06,5.798025223866967281e-05,4.472146543106830048e-05,2.115340949606128572e-05,4.926508591678013986e-06,0.000000000000000000e+00,0.000000000000000000e+00,0.000000000000000000e+00,0.000000000000000000e+00,0.000000000000000000e+00,0.000000000000000000e+00,1.603964789745395558e-05,0.000000000000000000e+00,1.395901273195818930e-05,-2.487624583245611959e-07,3.024387375130448166e-05,0.000000000000000000e+00,7.549537031935647314e-05,2.563882715281506029e-05,1.062605494333320583e-04,1.048435270799953303e-04
0.000000000000000000e+00,0.000000000000000000e+00,0.000000000000000000e+00,0.000000000000000000e+00,0.000000000000000000e+00,0.000000000000000000e+00,0.000000000000000000e+00,0.000000000000000000e+00,0.000000000000000000e+00,0.000000000000000000e+00,0.000000000000000000e+00,0.000000000000000000e+00,0.000000000000000000e+00,0.000000000000000000e+00,0.000000000000000000e+00,0.000000000000000000e+00,0.000000000000000000e+00,0.000000000000000000e+00,0.000000000000000000e+00,0.000000000000000000e+00,0.000000000000000000e+00,0.000000000000000000e+00,1.079057631294394871e-04,3.354548638060812332e-05,7.197074041096890838e-05,1.142582618369017861e-04,6.124772406510514656e-05,1.086575136662613813e-04,3.366497046561279307e-05,0.000000000000000000e+00,0.000000000000000000e+00,0.000000000000000000e+00,0.000000000000000000e+00,0.000000000000000000e+00,0.000000000000000000e+00,0.000000000000000000e+00,0.000000000000000000e+00,0.000000000000000000e+00,0.000000000000000000e+00,0.000000000000000000e+00,0.000000000000000000e+00,0.000000000000000000e+00,0.000000000000000000e+00,0.000000000000000000e+00,0.000000000000000000e+00,0.000000000000000000e+00,0.000000000000000000e+00,0.000000000000000000e+00,0.000000000000000000e+00,0.000000000000000000e+00,0.000000000000000000e+00,0.000000000000000000e+00,0.000000000000000000e+00,2.626274525261914844e-05,7.602326869891130661e-05,3.947873730918179786e-05,1.223594019862981764e-05,0.000000000000000000e+00,4.046969799453739407e-05,2.249905825833832472e-05,0.000000000000000000e+00,0.000000000000000000e+00,0.000000000000000000e+00,1.338935365752910083e-05,7.144457071776857894e-05,2.753027501193090420e-05,1.042431050480596856e-04,5.036045247383149319e-05,9.503704695580499908e-05,1.156661076117190964e-04,1.095603788538073223e-04,1.379577009294032715e-04,1.541897529073300930e-04,9.773451936558501328e-05,6.088928616241051910e-05,6.416459509518361159e-05,4.498362798997973305e-05,4.357088573232275025e-05,1.127095455967076863e-04,1.216410364749871573e-04,7.726140158997797831e-05,1.205652528309694667e-04,2.296221364812027073e-05,5.770043756638832815e-05,0.000000000000000000e+00,0.000000000000000000e+00,4.066276951137392414e-05,9.182977490423590292e-05,1.046206864874625359e-04,1.121884523045547623e-04,1.830903716677799236e-04,9.568224278846513707e-05,1.450966194809671960e-04,6.972974583628561767e-05,1.575449145274048629e-04,2.226945537999377379e-05,2.201874660245836939e-04,9.779097265469185259e-05,1.469004611844351976e-04,1.325460697352577849e-04,2.151751242306915017e-04,5.305321587277381424e-05,1.698862446331309245e-04,7.961421837996146696e-05,5.881371272761659082e-05,0.000000000000000000e+00,6.551892519939168675e-05,2.941092298400937608e-05,8.062576810518094870e-05,6.260976587235785246e-05,6.580303485755887628e-05,1.053763393066844902e-04,2.517407711982041726e-05,0.000000000000000000e+00,0.000000000000000000e+00,0.000000000000000000e+00,0.000000000000000000e+00,3.874032268419160438e-06,0.000000000000000000e+00,3.555084704594392808e-05,6.027477499456809215e-05,3.573427440464200112e-05,1.456780567624245846e-05,0.000000000000000000e+00,2.351001594183655888e-06,0.000000000000000000e+00,1.258473513754634711e-05,8.901589432436171894e-05
0.000000000000000000e+00,0.000000000000000000e+00,0.000000000000000000e+00,0.000000000000000000e+00,0.000000000000000000e+00,0.000000000000000000e+00,0.000000000000000000e+00,0.000000000000000000e+00,0.000000000000000000e+00,0.000000000000000000e+00,0.000000000000000000e+00,0.000000000000000000e+00,0.000000000000000000e+00,0.000000000000000000e+00,0.000000000000000000e+00,0.000000000000000000e+00,0.000000000000000000e+00,0.000000000000000000e+00,0.000000000000000000e+00,0.000000000000000000e+00,0.000000000000000000e+00,0.000000000000000000e+00,8.211156697283414710e-05,7.241065368278427265e-05,1.082726705313270463e-04,4.963852938840201316e-05,4.788762317696505235e-05,2.710123730711700801e-05,3.784872406673115428e-05,1.052201204318350119e-05,3.741328327759860847e-04,5.616196243445580050e-05,0.000000000000000000e+00,0.000000000000000000e+00,0.000000000000000000e+00,0.000000000000000000e+00,0.000000000000000000e+00,0.000000000000000000e+00,0.000000000000000000e+00,0.000000000000000000e+00,0.000000000000000000e+00,0.000000000000000000e+00,0.000000000000000000e+00,0.000000000000000000e+00,0.000000000000000000e+00,0.000000000000000000e+00,0.000000000000000000e+00,0.000000000000000000e+00,0.000000000000000000e+00,0.000000000000000000e+00,0.000000000000000000e+00,0.000000000000000000e+00,0.000000000000000000e+00,1.039420509066060674e-04,7.846109918055807356e-05,3.105752897154973340e-05,0.000000000000000000e+00,2.626439605944826323e-05,3.976818615327285293e-05,5.297211606053365445e-05,2.213398080693465534e-05,0.000000000000000000e+00,0.000000000000000000e+00,0.000000000000000000e+00,1.395027416528177934e-05,9.103248137970091714e-05,6.326999264292373015e-05,7.912596879403899512e-05,3.803328722878823232e-05,8.412243772335898870e-05,1.283251113152578354e-04,1.065734993238870719e-04,2.014464963235259679e-05,9.704482541138508616e-06,7.050764030296576717e-05,0.000000000000000000e+00,4.943647436873123196e-05,1.148818846186811130e-05,0.000000000000000000e+00,5.006926904062811189e-05,9.007327073440641349e-05,1.733200924805521206e-05,1.108765615809465812e-04,4.255376660243089887e-05,7.191520503125031077e-05,8.056658176283513139e-05,1.493173587302829670e-04,8.988110026078349659e-05,1.346861955518703689e-04,1.134682795953539139e-04,1.247294607546087469e-04,5.844774548379545395e-05,6.995632548829069052e-05,3.028379824662253051e-05,6.418924307194410160e-05,9.257475287781216156e-05,1.222123236640143334e-04,1.745813315757356056e-04,1.719501642138876105e-04,2.616425191958953963e-04,2.027007881259358993e-04,1.594619611709306175e-04,1.662980697261112501e-04,6.238812173675263616e-05,4.991949723629791343e-05,0.000000000000000000e+00,6.839220600975808582e-05,8.081344104730158590e-05,6.441688725945450718e-05,7.134899314027734149e-05,9.803063794267773666e-05,1.376930886500856933e-05,6.825788287392180480e-05,0.000000000000000000e+00,2.370175667396499719e-05,0.000000000000000000e+00,3.418163903939323725e-05,0.000000000000000000e+00,1.020415136208037464e-04,5.375152198111961912e-06,5.818557391763182393e-06,0.000000000000000000e+00,0.000000000000000000e+00,0.000000000000000000e+00,0.000000000000000000e+00,0.000000000000000000e+00,0.000000000000000000e+00,0.000000000000000000e+00
0.000000000000000000e+00,0.000000000000000000e+00,0.000000000000000000e+00,0.000000000000000000e+00,0.000000000000000000e+00,0.000000000000000000e+00,0.000000000000000000e+00,0.000000000000000000e+00,0.000000000000000000e+00,0.000000000000000000e+00,0.000000000000000000e+00,0.000000000000000000e+00,0.000000000000000000e+00,0.000000000000000000e+00,0.000000000000000000e+00,0.000000000000000000e+00,0.000000000000000000e+00,0.000000000000000000e+00,0.000000000000000000e+00,0.000000000000000000e+00,0.000000000000000000e+00,0.000000000000000000e+00,9.148986398014950964e-06,1.098608268843819923e-04,8.769745502711694877e-05,2.889666563304786921e-05,7.981201963646469637e-05,1.309250468434743010e-04,5.647705549202804100e-05,1.016256239590985854e-04,5.763184095153805163e-04,2.944391588029258511e-04,6.537901193804922809e-06,1.175664243812140817e-04,0.000000000000000000e+00,9.422997102356580861e-07,0.000000000000000000e+00,0.000000000000000000e+00,0.000000000000000000e+00,0.000000000000000000e+00,0.000000000000000000e+00,0.000000000000000000e+00,0.000000000000000000e+00,0.000000000000000000e+00,8.822634208347735429e-06,0.000000000000000000e+00,0.000000000000000000e+00,0.000000000000000000e+00,0.000000000000000000e+00,0.000000000000000000e+00,0.000000000000000000e+00,0.000000000000000000e+00,0.000000000000000000e+00,5.384557193894004605e-05,1.029753453742079749e-04,6.567186954172118084e-05,0.000000000000000000e+00,5.725929780521329173e-05,0.000000000000000000e+00,8.833126134535332265e-05,3.780810134673313769e-05,0.000000000000000000e+00,1.647384871938190677e-05,2.589743571662195170e-05,5.685194037455883632e-05,1.668650584077968646e-05,0.000000000000000000e+00,7.321355918292325087e-05,0.000000000000000000e+00,3.229485267570581235e-05,1.070725588322231391e-04,0.000000000000000000e+00,4.216797406566956554e-05,4.261452317415761039e-05,0.000000000000000000e+00,3.081816180517231045e-05,2.471293987912026818e-05,8.749742148059976303e-05,0.000000000000000000e+00,0.000000000000000000e+00,1.279634989178854746e-04,9.156590269048692926e-05,2.422175772025412922e-05,6.403242544520219295e-05,0.000000000000000000e+00,6.237672761408359526e-05,4.003618787196103109e-05,5.342857522220580238e-05,3.009471754935990606e-05,5.904999389433265579e-05,1.467312108910404046e-04,1.423459284653767862e-04,2.912613968754204283e-05,1.187816183254660781e-04,1.292543916015226997e-04,5.530546134858439609e-05,1.685222980868202253e-04,1.540250123761277546e-04,1.583050948845444723e-04,7.858630653253042013e-05,2.161364416784824084e-04,1.176933051674101808e-04,2.234617200153274374e-04,3.384883827102912760e-05,1.113895719104431438e-04,0.000000000000000000e+00,2.424442046598327939e-05,1.828643605142223530e-05,9.191249631732717213e-05,6.231618390165747008e-05,8.301508903433027313e-05,7.787736977167710427e-05,7.086137998938283927e-05,4.330246489921082297e-05,3.493696674584497656e-05,4.667427204354525713e-05,6.474984645499801215e-05,3.517648036941511356e-05,1.282848495552572522e-05,0.000000000000000000e+00,0.000000000000000000e+00,0.000000000000000000e+00,0.000000000000000000e+00,0.000000000000000000e+00,0.000000000000000000e+00,0.000000000000000000e+00,0.000000000000000000e+00,0.000000000000000000e+00
0.000000000000000000e+00,0.000000000000000000e+00,0.000000000000000000e+00,0.000000000000000000e+00,0.000000000000000000e+00,0.000000000000000000e+00,0.000000000000000000e+00,0.000000000000000000e+00,0.000000000000000000e+00,0.000000000000000000e+00,0.000000000000000000e+00,0.000000000000000000e+00,0.000000000000000000e+00,0.000000000000000000e+00,0.000000000000000000e+00,0.000000000000000000e+00,0.000000000000000000e+00,0.000000000000000000e+00,0.000000000000000000e+00,0.000000000000000000e+00,0.000000000000000000e+00,0.000000000000000000e+00,1.077830949251757194e-04,1.004087551237040765e-04,1.458423107798825996e-04,6.159592151701961569e-05,9.124685056131812794e-05,4.026246897995394008e-05,1.047239829858748336e-04,1.223499129271031396e-04,0.000000000000000000e+00,0.000000000000000000e+00,4.175895685413005755e-05,5.813439331520052050e-05,6.329091268494610510e-05,4.283064612708675192e-05,0.000000000000000000e+00,0.000000000000000000e+00,0.000000000000000000e+00,2.680652534306014785e-05,1.055907261927403377e-04,2.788359002107581057e-05,0.000000000000000000e+00,5.950803684588129952e-05,1.022850260933878000e-04,3.435516741346384838e-05,3.931734947600533457e-05,0.000000000000000000e+00,0.000000000000000000e+00,0.000000000000000000e+00,0.000000000000000000e+00,1.984773157107769156e-05,3.592970550903614845e-05,0.000000000000000000e+00,0.000000000000000000e+00,7.367630184988187216e-05,1.115228022682147592e-04,3.188710055691309890e-05,9.155486578010381643e-05,0.000000000000000000e+00,6.178034629813935596e-05,1.643017640021963711e-05,4.749056462580283446e-06,2.994197100159241479e-05,1.765276493137024884e-05,0.000000000000000000e+00,7.609085354736463535e-05,8.997062878872521044e-05,5.069847144155596795e-05,6.084810470147439628e-05,1.822909450306054921e-04,5.246375407691864678e-05,1.292122014587124192e-04,0.000000000000000000e+00,3.781961950064925031e-05,3.685081532389619414e-05,0.000000000000000000e+00,2.262163159858763167e-05,4.129506418192137107e-05,0.000000000000000000e+00,4.260988753042042518e-05,1.055872249352312117e-04,7.076971207317409268e-05,1.025466465989151343e-04,1.067203865559125181e-04,7.383065729498108746e-05,1.628291679484905055e-04,1.150932053180405004e-04,1.506486166598262281e-04,7.684335453090953573e-05,1.141791487337362026e-04,5.563368029727378287e-05,1.139107550708141811e-04,5.827843832100355718e-05,0.000000000000000000e+00,6.352361028586883240e-05,1.450297733956151791e-04,9.977807978733355208e-05,2.266649723672057258e-04,1.537894593479282798e-04,1.289214581807020049e-04,1.759276924430017120e-04,1.297950220433586070e-04,2.022667952384593843e-04,9.300449550318575669e-05,3.717252448497083078e-05,1.090764496188628563e-05,5.530408638434733198e-05,9.344416148050527270e-05,1.094060429093153178e-04,1.089731674031549520e-04,9.433517815796014280e-05,9.759192319430796839e-05,4.963618856511335670e-05,7.676591822728565746e-05,1.451642029902013364e-05,8.044952114451431747e-05,3.932317027536016659e-05,6.474543301206885960e-05,0.000000000000000000e+00,0.000000000000000000e+00,0.000000000000000000e+00,0.000000000000000000e+00,0.000000000000000000e+00,0.000000000000000000e+00,0.000000000000000000e+00,0.000000000000000000e+00,0.000000000000000000e+00
0.000000000000000000e+00,0.000000000000000000e+00,0.000000000000000000e+00,0.000000000000000000e+00,0.000000000000000000e+00,0.000000000000000000e+00,0.000000000000000000e+00,0.000000000000000000e+00,0.000000000000000000e+00,0.000000000000000000e+00,0.000000000000000000e+00,0.000000000000000000e+00,0.000000000000000000e+00,0.000000000000000000e+00,0.000000000000000000e+00,0.000000000000000000e+00,0.000000000000000000e+00,0.000000000000000000e+00,0.000000000000000000e+00,0.000000000000000000e+00,0.000000000000000000e+00,2.563534050532222900e-05,6.360196487315586357e-05,9.759005095866475686e-05,1.246777891428162643e-04,1.256799853184478049e-04,1.270156687015328497e-05,1.178072519634257965e-04,1.425384208466618776e-04,6.554466106454694238e-05,1.329866088702969038e-04,1.335823738528146279e-04,1.212301993262112742e-04,1.527303819535505848e-04,7.424132098995076142e-05,1.009045917606521799e-04,4.549026577690210027e-05,9.676877097637275613e-05,7.384233665741239889e-05,1.501259789541183206e-04,7.753263558723247828e-05,4.484122403179621334e-05,7.531013699506449864e-05,5.096179772015286732e-06,2.385075968195703728e-05,1.171127837658170309e-04,5.234270168315401236e-05,0.000000000000000000e+00,0.000000000000000000e+00,0.000000000000000000e+00,6.252619133410686040e-05,3.431300012121328276e-05,0.000000000000000000e+00,0.000000000000000000e+00,0.000000000000000000e+00,2.252629859652160733e-05,6.129400880395848418e-05,0.000000000000000000e+00,7.112673144783060453e-05,2.025044858879556953e-05,9.483081929771568794e-05,3.311821426645064170e-05,3.324332320831997111e-05,6.978742752658878491e-05,6.009162557574863743e-05,0.000000000000000000e+00,8.652924011343824469e-05,0.000000000000000000e+00,4.752927740556225797e-05,0.000000000000000000e+00,4.934815386529749941e-05,4.668264593162355509e-05,2.826292194015384959e-05,0.000000000000000000e+00,0.000000000000000000e+00,5.466649058317661253e-06,1.093302380687402028e-04,6.603573858837618270e-05,2.180761564067905042e-05,6.745393043768878170e-06,0.000000000000000000e+00,1.346481780808656350e-04,7.875806509469354514e-05,4.568997998277072296e-05,0.000000000000000000e+00,0.000000000000000000e+00,9.337285478902071026e-06,1.206106319114843364e-05,7.416114040959544639e-05,7.258117883848869763e-05,1.294037441204482777e-04,3.785420500524119716e-05,1.622834253434496073e-04,6.436582259027272387e-05,1.152006301036020752e-04,2.003135916201381517e-05,1.503184464009050983e-04,1.011920561809880330e-04,1.164118164006383842e-04,7.752165647571416726e-05,1.624304360093717565e-04,1.328024622963905744e-04,1.916458217291262573e-04,8.769443742233677327e-05,1.785118845319825565e-04,1.401457860875164512e-05,9.138880471943225761e-05,4.445089033106015510e-05,2.675990080773936434e-05,6.318380203050911223e-05,1.066573408199342107e-04,9.124814299470058478e-05,8.907441200808565622e-05,3.398906495326025490e-05,4.188455220993496532e-05,4.137688524276164083e-05,0.000000000000000000e+00,2.230156803015847513e-05,0.000000000000000000e+00,0.000000000000000000e+00,0.000000000000000000e+00,0.000000000000000000e+00,0.000000000000000000e+00,0.000000000000000000e+00,0.000000000000000000e+00,0.000000000000000000e+00,0.000000000000000000e+00,0.000000000000000000e+00
0.000000000000000000e+00,0.000000000000000000e+00,0.000000000000000000e+00,0.000000000000000000e+00,0.000000000000000000e+00,0.000000000000000000e+00,0.000000000000000000e+00,0.000000000000000000e+00,0.000000000000000000e+00,0.000000000000000000e+00,0.000000000000000000e+00,0.000000000000000000e+00,0.000000000000000000e+00,0.000000000000000000e+00,0.000000000000000000e+00,0.000000000000000000e+00,0.000000000000000000e+00,0.000000000000000000e+00,0.000000000000000000e+00,0.000000000000000000e+00,0.000000000000000000e+00,1.240895219581090016e-04,1.033860251699623219e-04,1.901016701512314386e-04,1.475365231221420720e-04,1.689456551100216393e-04,1.183400197531906149e-04,5.844181250205533317e-05,5.283146799199219429e-05,1.030387841126036890e-04,6.867371798394317120e-05,1.093765350146200542e-04,1.032303556762445053e-04,1.641051160750517802e-04,1.412719585710014341e-04,8.673667359677642464e-05,6.152582094233317411e-05,7.453413363136594349e-05,1.334318230514145831e-04,2.656003862457781639e-05,1.334814997753201596e-04,1.646542941501861687e-04,2.074334192313090282e-05,8.948999189739432190e-05,1.181008438707547252e-04,6.819575413350311528e-05,2.039454486667207191e-04,7.128043325651398023e-05,3.441135214741104380e-05,2.499898437347150578e-05,5.837964633848484019e-05,6.309784697509114571e-05,4.524418465144961686e-05,0.000000000000000000e+00,0.000000000000000000e+00,0.000000000000000000e+00,8.442554889174275939e-05,9.820462945913628692e-05,3.415355934248558742e-05,7.069318624695880961e-05,6.997682627127683140e-05,1.159363493267139949e-04,2.956582530054259638e-05,0.000000000000000000e+00,1.043616509638334956e-04,3.291500493836477291e-05,8.423879117334845984e-06,1.393006095853148137e-04,0.000000000000000000e+00,0.000000000000000000e+00,0.000000000000000000e+00,6.843072673630968780e-05,0.000000000000000000e+00,1.083310068738432678e-04,5.629641190153886893e-05,8.392094571600141033e-05,3.056708739087264231e-05,0.000000000000000000e+00,1.577985367720825818e-05,1.815586167297383291e-05,0.000000000000000000e+00,8.030615154133416867e-05,6.460716502879776965e-05,8.736125191725731070e-05,0.000000000000000000e+00,5.250626174833791749e-05,1.166419305619671064e-04,1.659034661263940516e-06,5.226267631486623399e-05,1.375786133439090442e-04,8.904662721516102164e-05,0.000000000000000000e+00,1.390845046335173853e-04,5.667739846975829431e-05,0.000000000000000000e+00,0.000000000000000000e+00,1.008735387091927038e-05,1.680740742390172677e-04,1.011798682510012758e-04,1.813695012365638558e-04,2.201238822416043362e-04,2.008468903512433559e-04,2.015293132443414504e-04,1.609995171058241652e-04,7.993995106700463240e-05,1.569737850081474645e-04,8.368387529120692382e-05,3.325239255008102947e-05,1.007014378890251399e-04,8.767994059648475866e-05,7.680060779274898788e-05,0.000000000000000000e+00,9.340857446659058688e-05,1.040707145529733347e-04,5.394995363564763016e-05,1.624331245510105521e-05,2.092566997465061105e-05,0.000000000000000000e+00,0.000000000000000000e+00,0.000000000000000000e+00,0.000000000000000000e+00,0.000000000000000000e+00,0.000000000000000000e+00,0.000000000000000000e+00,0.000000000000000000e+00,0.000000000000000000e+00,0.000000000000000000e+00,0.000000000000000000e+00
0.000000000000000000e+00,0.000000000000000000e+00,0.000000000000000000e+00,0.000000000000000000e+00,0.000000000000000000e+00,0.000000000000000000e+00,0.000000000000000000e+00,0.000000000000000000e+00,0.000000000000000000e+00,0.000000000000000000e+00,0.000000000000000000e+00,0.000000000000000000e+00,0.000000000000000000e+00,0.000000000000000000e+00,0.000000000000000000e+00,0.000000000000000000e+00,0.000000000000000000e+00,0.000000000000000000e+00,0.000000000000000000e+00,0.000000000000000000e+00,0.000000000000000000e+00,1.293385944838081015e-04,6.189707246511633935e-05,8.844479830983409993e-05,1.420583031075464686e-04,1.840633108224675797e-04,1.054744453193027278e-04,1.690256010032485808e-04,1.256361725185370143e-04,1.358056132810905349e-04,1.054306339878856937e-04,1.691481785131900570e-04,1.027098946882734409e-04,1.278451621464855490e-04,1.207464707550243979e-04,8.917611907088436574e-05,1.745802018326730778e-04,8.864946589084094560e-05,1.278579723131864187e-04,1.726170801470919703e-04,1.096611246475947014e-04,1.101993041876524090e-04,1.644116624769376958e-04,1.044612371208965008e-04,3.964431105902414175e-05,1.341531386208507748e-04,9.180976336582980489e-05,1.538983695717655205e-04,9.478408022720058055e-05,1.204871843426623916e-04,1.391076397888230164e-04,4.802263933660683084e-05,5.809394816617518675e-05,3.722163921959769907e-05,5.478443000148874398e-05,1.505143188425798909e-04,3.652426320728678790e-05,1.961371723878616854e-05,1.398137928530563216e-05,5.109174679171097906e-05,5.970916923105221353e-05,2.597686970981919391e-05,1.247595008430420096e-04,8.380559885162356488e-05,1.212078805194999846e-04,9.787325873386553928e-05,7.806138547065823803e-05,0.000000000000000000e+00,2.085816147136275895e-05,0.000000000000000000e+00,4.084363453599047816e-05,0.000000000000000000e+00,3.801543665636262609e-05,2.230089649430107659e-05,7.155750425111695576e-05,3.052207793857676568e-05,7.650016793287537210e-05,2.603441994384877376e-05,0.000000000000000000e+00,0.000000000000000000e+00,0.000000000000000000e+00,0.000000000000000000e+00,3.533529648984284921e-05,7.879844520666200961e-05,0.000000000000000000e+00,1.716005876851095036e-05,0.000000000000000000e+00,0.000000000000000000e+00,7.207861311741459609e-05,6.282191324472113849e-05,0.000000000000000000e+00,0.000000000000000000e+00,8.002415882830180678e-05,2.755843781276778943e-05,1.336264074959716933e-05,5.215130998654541418e-05,1.793191820854386819e-04,5.584229695000954264e-05,1.489843567051276566e-04,2.362798323075468700e-05,1.556715710248855733e-04,1.874497311071528867e-04,1.508296130091588171e-04,1.117184931248864415e-04,1.837618076915200347e-04,2.041300804692986156e-05,5.503546097669207088e-05,7.447553610274744841e-05,1.615692001425686806e-05,0.000000000000000000e+00,2.654478915103530230e-05,9.847969844889709718e-05,0.000000000000000000e+00,4.304887134193432027e-05,6.270685693425664671e-05,6.243784243915403878e-05,0.000000000000000000e+00,0.000000000000000000e+00,0.000000000000000000e+00,0.000000000000000000e+00,0.000000000000000000e+00,0.000000000000000000e+00,0.000000000000000000e+00,0.000000000000000000e+00,0.000000000000000000e+00,0.000000000000000000e+00,0.000000000000000000e+00,0.000000000000000000e+00
0.000000000000000000e+00,0.000000000000000000e+00,0.000000000000000000e+00,0.000000000000000000e+00,0.000000000000000000e+00,0.000000000000000000e+00,0.000000000000000000e+00,0.000000000000000000e+00,0.000000000000000000e+00,0.000000000000000000e+00,0.000000000000000000e+00,0.000000000000000000e+00,0.000000000000000000e+00,0.000000000000000000e+00,0.000000000000000000e+00,0.000000000000000000e+00,0.000000000000000000e+00,0.000000000000000000e+00,0.000000000000000000e+00,0.000000000000000000e+00,2.808769484487953780e-05,4.383337645042271287e-05,1.429971783028023593e-04,1.333444709552512810e-04,1.208132324447547116e-04,1.278179748038944102e-04,2.482294707421285845e-04,1.550309298180687430e-04,7.902971492726555962e-05,9.028409624045197342e-05,1.477876817834875760e-04,4.826796908348747841e-05,2.026704073945860931e-04,1.255995807949305697e-04,1.711999784573390757e-04,1.591661774863107779e-04,1.496714194254505990e-04,2.194404023693209129e-04,1.218048870024360746e-04,6.934946736702306952e-05,1.173592281664173994e-04,1.048568977125355475e-04,1.395188110883810711e-04,1.113671361557661520e-04,2.058993060865318004e-04,1.400599735314645583e-04,1.118138261626590042e-04,7.129212662800291816e-05,1.876364355584840592e-04,1.061483577373219846e-04,3.783702994762957832e-05,3.081985225329688993e-05,9.613374754785176848e-05,0.000000000000000000e+00,5.994238813343046870e-05,3.062449865975652588e-04,4.148018771127982466e-05,4.730042735982622234e-05,1.021780508596152354e-04,1.511553569829554256e-05,0.000000000000000000e+00,1.013302061577512101e-04,1.095993230285752349e-04,5.147166056485658682e-05,0.000000000000000000e+00,8.646703578383718085e-05,9.638223650279000802e-05,0.000000000000000000e+00,1.163909884959444564e-04,5.196719361832951168e-05,1.833293359433269077e-05,6.013501927934973606e-05,3.705718448630114872e-05,9.813279335382020822e-05,5.468447832994767922e-05,8.204142954417392112e-05,5.716953357342422810e-05,8.536393962552170649e-05,0.000000000000000000e+00,6.710015153971290498e-06,0.000000000000000000e+00,0.000000000000000000e+00,0.000000000000000000e+00,2.327231666420516602e-05,1.524825969878167197e-04,4.938016675267174115e-05,5.554301252758922259e-06,1.540760620071598844e-04,6.969946964945259956e-05,0.000000000000000000e+00,0.000000000000000000e+00,0.000000000000000000e+00,1.420867382270677035e-05,0.000000000000000000e+00,0.000000000000000000e+00,0.000000000000000000e+00,1.044115450334804997e-05,1.977830434694307664e-05,7.537768079054925341e-05,1.601741977195085596e-04,6.247810546038114427e-05,1.200850032535780436e-04,1.015077801091960209e-04,2.048926829776421090e-04,4.014009329068811394e-05,2.547407568453702201e-04,8.738909298304495580e-05,1.254500442797099307e-04,0.000000000000000000e+00,1.077878352948416935e-04,6.916840307042843299e-05,5.111030285824765977e-05,4.843057358607086765e-05,1.144644810819337913e-04,3.724574815991704842e-05,0.000000000000000000e+00,0.000000000000000000e+00,0.000000000000000000e+00,0.000000000000000000e+00,0.000000000000000000e+00,0.000000000000000000e+00,0.000000000000000000e+00,0.000000000000000000e+00,0.000000000000000000e+00,0.000000000000000000e+00,0.000000000000000000e+00,0.000000000000000000e+00,0.000000000000000000e+00
0.000000000000000000e+00,0.000000000000000000e+00,0.000000000000000000e+00,0.000000000000000000e+00,0.000000000000000000e+00,0.000000000000000000e+00,0.000000000000000000e+00,0.000000000000000000e+00,0.000000000000000000e+00,0.000000000000000000e+00,0.000000000000000000e+00,0.000000000000000000e+00,0.000000000000000000e+00,0.000000000000000000e+00,0.000000000000000000e+00,0.000000000000000000e+00,0.000000000000000000e+00,0.000000000000000000e+00,0.000000000000000000e+00,0.000000000000000000e+00,3.948749227175184820e-05,7.634186912627903641e-05,5.385702811932533221e-05,5.036322987047223799e-05,1.085500380780687429e-04,1.627265408064799751e-04,1.089588607441412414e-04,1.692865768223328370e-04,1.703403406526539246e-04,9.793217428370119652e-05,1.216294312749888087e-04,1.429303625404979093e-04,7.634084171377905701e-05,1.643064707203052319e-04,1.106796841870850138e-04,1.446979724067155339e-04,2.347826661441705079e-04,1.424995321272755442e-04,1.844019887237747265e-04,1.566898552772306606e-04,1.632843580357899033e-04,4.531418090860476073e-05,1.917505442023632119e-04,1.332953798836810071e-04,2.147175360003676908e-04,1.046377893110344686e-04,4.039029790613720918e-05,1.262657006129840216e-04,1.541207566617058616e-04,1.581994511173939364e-04,1.491089103133109062e-04,1.162205990945375781e-04,1.033130309363849693e-04,1.232556134282735479e-04,1.355813063486161407e-04,1.128558856254044155e-05,9.734736690373153303e-05,2.691676455168993056e-05,3.099259005540707258e-05,4.843268287924493810e-05,8.562533938163110938e-05,1.841151501186662245e-05,0.000000000000000000e+00,6.352458090762581867e-05,1.350356243849933720e-04,1.511012419002148779e-05,1.115115061797772349e-04,1.441975505559098813e-05,1.977138306299339843e-05,7.352981100948049965e-05,1.182117001983553755e-04,0.000000000000000000e+00,0.000000000000000000e+00,0.000000000000000000e+00,1.917783505160603152e-05,6.151522086042575605e-05,4.176284311122234146e-05,7.385427609734365175e-05,9.808749834094865078e-05,0.000000000000000000e+00,0.000000000000000000e+00,0.000000000000000000e+00,0.000000000000000000e+00,0.000000000000000000e+00,8.674430133446999879e-06,0.000000000000000000e+00,0.000000000000000000e+00,3.987486180300173012e-06,1.621740678196125114e-04,2.169095326873116255e-04,1.847071231580937683e-04,0.000000000000000000e+00,0.000000000000000000e+00,0.000000000000000000e+00,0.000000000000000000e+00,0.000000000000000000e+00,0.000000000000000000e+00,0.000000000000000000e+00,0.000000000000000000e+00,4.162367105123287585e-05,1.007235056362926738e-04,1.152244739197198672e-04,4.222645205018197232e-06,6.155276032838005913e-05,2.262145266660169226e-04,5.459142830729541199e-05,5.508054768044037488e-05,4.330425216793717713e-05,4.100338941564054212e-05,6.802277700974279564e-05,1.936065566748462164e-05,1.324265710667069389e-04,9.073208173364976026e-06,2.024042800291987179e-05,0.000000000000000000e+00,0.000000000000000000e+00,0.000000000000000000e+00,0.000000000000000000e+00,0.000000000000000000e+00,0.000000000000000000e+00,0.000000000000000000e+00,0.000000000000000000e+00,0.000000000000000000e+00,0.000000000000000000e+00,0.000000000000000000e+00,0.000000000000000000e+00,0.000000000000000000e+00,0.000000000000000000e+00
0.000000000000000000e+00,0.000000000000000000e+00,0.000000000000000000e+00,0.000000000000000000e+00,0.000000000000000000e+00,0.000000000000000000e+00,0.000000000000000000e+00,0.000000000000000000e+00,0.000000000000000000e+00,0.000000000000000000e+00,0.000000000000000000e+00,0.000000000000000000e+00,0.000000000000000000e+00,0.000000000000000000e+00,0.000000000000000000e+00,0.000000000000000000e+00,0.000000000000000000e+00,0.000000000000000000e+00,2.108779255226206947e-05,4.611036043994942994e-05,1.743976472522213114e-06,1.201314492624714382e-05,9.112463351149451484e-06,9.750118520070199689e-05,1.061150874982329256e-04,8.072531611351222173e-05,2.364052846407864428e-04,1.243323423439080249e-04,1.809929204798754992e-04,8.212005143148886222e-05,8.633710197413415753e-05,9.767187677847642148e-05,1.544380752971106564e-04,3.483776870253847045e-05,1.400586446277486750e-04,1.578115855044354599e-04,1.865751178517658032e-04,1.720274733853902928e-04,1.880226559400015437e-04,1.078346973799284203e-04,4.979830324004632047e-05,1.290271576319785521e-04,1.247824229724559550e-04,1.490934541991183833e-04,1.668207469875679166e-04,1.916758912656180407e-04,1.069900861322733282e-04,8.862309961989304531e-05,1.301928059870050859e-04,1.690915419507614331e-04,1.218673828504442493e-04,7.060490242069596676e-05,1.890736058082485881e-04,5.999689563216511812e-05,1.486992197314154838e-04,1.032765655445630221e-04,1.402775042810668407e-04,0.000000000000000000e+00,4.445253368368982483e-05,2.081988299543373737e-05,4.601621698967391094e-05,1.070798273377761105e-04,9.288185434749649655e-05,2.116568470093663934e-05,1.419983954232434634e-05,5.485422076901046103e-05,7.372215655856397454e-05,1.110873448375131336e-04,0.000000000000000000e+00,1.042445233258031161e-04,2.179004345616152393e-05,2.386628926859325184e-05,7.108895993787354224e-05,0.000000000000000000e+00,1.165253127106490012e-04,1.372685642989895188e-05,5.807374264445265891e-05,7.036462612629156715e-05,0.000000000000000000e+00,0.000000000000000000e+00,0.000000000000000000e+00,0.000000000000000000e+00,0.000000000000000000e+00,0.000000000000000000e+00,0.000000000000000000e+00,0.000000000000000000e+00,0.000000000000000000e+00,0.000000000000000000e+00,0.000000000000000000e+00,0.000000000000000000e+00,0.000000000000000000e+00,0.000000000000000000e+00,0.000000000000000000e+00,0.000000000000000000e+00,0.000000000000000000e+00,0.000000000000000000e+00,0.000000000000000000e+00,0.000000000000000000e+00,0.000000000000000000e+00,0.000000000000000000e+00,0.000000000000000000e+00,0.000000000000000000e+00,0.000000000000000000e+00,0.000000000000000000e+00,5.535908057292288238e-05,1.783247906033195150e-04,6.371135935254407332e-05,3.370222034950349908e-05,2.802688262904614349e-05,1.779901110390718125e-04,0.000000000000000000e+00,0.000000000000000000e+00,0.000000000000000000e+00,0.000000000000000000e+00,0.000000000000000000e+00,0.000000000000000000e+00,0.000000000000000000e+00,0.000000000000000000e+00,0.000000000000000000e+00,0.000000000000000000e+00,0.000000000000000000e+00,0.000000000000000000e+00,0.000000000000000000e+00,0.000000000000000000e+00,0.000000000000000000e+00,0.000000000000000000e+00,0.000000000000000000e+00,0.000000000000000000e+00
0.000000000000000000e+00,0.000000000000000000e+00,0.000000000000000000e+00,0.000000000000000000e+00,0.000000000000000000e+00,0.000000000000000000e+00,0.000000000000000000e+00,0.000000000000000000e+00,0.000000000000000000e+00,0.000000000000000000e+00,0.000000000000000000e+00,0.000000000000000000e+00,0.000000000000000000e+00,0.000000000000000000e+00,0.000000000000000000e+00,0.000000000000000000e+00,0.000000000000000000e+00,2.139993481053009073e-05,2.275242398532710731e-05,2.274525028128628285e-05,2.617222188274934917e-05,0.000000000000000000e+00,4.573799387031230173e-05,5.789366366129039548e-05,1.089208960258581592e-04,1.629264429929456895e-04,1.060636895660229388e-04,1.385561429697814600e-04,9.870529331166732394e-05,1.284125914215799257e-04,8.064488637877335344e-05,9.480136830969191090e-05,9.067119932988713634e-05,1.619921986134963804e-04,4.766206960747204738e-05,1.367075657423919976e-04,9.023746905643731039e-05,1.476193566013005013e-04,1.166882388589120245e-04,2.614714790032975208e-04,1.082795528389115424e-04,8.772362038222169590e-05,9.887027016806702949e-05,7.883553910031788057e-05,1.442253887636735926e-04,4.165968571302430774e-05,9.861864327798664756e-05,7.931732399033119955e-05,1.154491676464265113e-04,6.517089300200661149e-05,2.223077507209788824e-04,0.000000000000000000e+00,1.220004747791990666e-04,6.949700823051131867e-04,1.797790958434034730e-04,1.390225183805175865e-04,1.119024829682131928e-04,1.407739880549827905e-04,9.554480998538002949e-05,4.950433496862310993e-05,1.449654125244365587e-04,1.106040941999569306e-04,8.214623990543827421e-06,1.009200910323758134e-04,1.093027742824130382e-04,1.876983490374561144e-04,9.573326657374750504e-05,2.334933358569905160e-05,1.493386356397149886e-04,8.331828369370350223e-05,9.234096404047216651e-05,0.000000000000000000e+00,6.896060610682529636e-05,0.000000000000000000e+00,2.065458645948951984e-04,0.000000000000000000e+00,3.872070720986095342e-05,0.000000000000000000e+00,4.617949568688832452e-05,7.583938509080324312e-05,7.809369241084922349e-05,7.543783132669813216e-06,2.717512454751574001e-05,0.000000000000000000e+00,0.000000000000000000e+00,0.000000000000000000e+00,0.000000000000000000e+00,0.000000000000000000e+00,0.000000000000000000e+00,0.000000000000000000e+00,0.000000000000000000e+00,0.000000000000000000e+00,0.000000000000000000e+00,0.000000000000000000e+00,0.000000000000000000e+00,0.000000000000000000e+00,0.000000000000000000e+00,0.000000000000000000e+00,0.000000000000000000e+00,0.000000000000000000e+00,0.000000000000000000e+00,0.000000000000000000e+00,0.000000000000000000e+00,0.000000000000000000e+00,0.000000000000000000e+00,0.000000000000000000e+00,0.000000000000000000e+00,0.000000000000000000e+00,0.000000000000000000e+00,0.000000000000000000e+00,0.000000000000000000e+00,0.000000000000000000e+00,0.000000000000000000e+00,0.000000000000000000e+00,0.000000000000000000e+00,0.000000000000000000e+00,0.000000000000000000e+00,0.000000000000000000e+00,0.000000000000000000e+00,0.000000000000000000e+00,0.000000000000000000e+00,0.000000000000000000e+00,0.000000000000000000e+00,0.000000000000000000e+00,0.000000000000000000e+00,0.000000000000000000e+00,0.000000000000000000e+00,0.000000000000000000e+00
0.000000000000000000e+00,0.000000000000000000e+00,0.000000000000000000e+00,0.000000000000000000e+00,0.000000000000000000e+00,0.000000000000000000e+00,0.000000000000000000e+00,0.000000000000000000e+00,0.000000000000000000e+00,0.000000000000000000e+00,0.000000000000000000e+00,0.000000000000000000e+00,0.000000000000000000e+00,0.000000000000000000e+00,0.000000000000000000e+00,1.059010556954316901e-05,1.670235029380631137e-05,0.000000000000000000e+00,3.081632136743317789e-05,4.239019216699074739e-05,1.852006787076718279e-06,0.000000000000000000e+00,2.658526919061945178e-05,2.485593779286576104e-05,6.265948617041018837e-05,1.102357511957141302e-04,1.304505794452485642e-04,1.927100334931329800e-04,1.203690266674905076e-04,1.222649851841218029e-04,1.245608566406908779e-04,7.888145331344155887e-05,9.707813793996222210e-05,8.834334771432696750e-05,1.374644872842301210e-04,1.138118712583336252e-04,1.336670352596488445e-04,1.793066595992307650e-04,1.502476710956026187e-04,1.140986955581436383e-04,6.627127083765256034e-05,7.283593818687972277e-05,4.964625684105135540e-05,4.301897562662187677e-05,6.201328677359079942e-05,9.422550726513607814e-05,0.000000000000000000e+00,8.657285969191193470e-05,1.112540896948424981e-04,1.504504169645290912e-04,9.380851217011748145e-05,4.637165631666930653e-05,7.786853020727300457e-05,1.483887712650261859e-04,2.178398860739886019e-05,1.189505391009203629e-04,7.133932230416742057e-05,8.370532600040368656e-05,1.104785161059822733e-04,2.944159471724922049e-05,2.454364351913954862e-05,1.485435549832771391e-04,2.004860297358341474e-04,5.887390957086258142e-05,2.781941432398160992e-05,1.002769653781308151e-04,1.403226286666203239e-04,1.147145361931473773e-04,3.600398803805772907e-05,6.509505198852489391e-05,4.961007642029435582e-05,0.000000000000000000e+00,2.282115497632944529e-05,1.377858919962129188e-04,2.910449671089116919e-05,1.236122460878696949e-04,1.534591791205186246e-04,1.130644900219825454e-04,3.769746970780250763e-05,0.000000000000000000e+00,8.812406029623551880e-05,1.865112028262619337e-05,0.000000000000000000e+00,0.000000000000000000e+00,0.000000000000000000e+00,0.000000000000000000e+00,0.000000000000000000e+00,0.000000000000000000e+00,0.000000000000000000e+00,0.000000000000000000e+00,0.000000000000000000e+00,0.000000000000000000e+00,0.000000000000000000e+00,0.000000000000000000e+00,0.000000000000000000e+00,0.000000000000000000e+00,0.000000000000000000e+00,0.000000000000000000e+00,0.000000000000000000e+00,0.000000000000000000e+00,0.000000000000000000e+00,0.000000000000000000e+00,0.000000000000000000e+00,0.000000000000000000e+00,0.000000000000000000e+00,0.000000000000000000e+00,0.000000000000000000e+00,0.000000000000000000e+00,0.000000000000000000e+00,0.000000000000000000e+00,0.000000000000000000e+00,0.000000000000000000e+00,0.000000000000000000e+00,0.000000000000000000e+00,0.000000000000000000e+00,0.000000000000000000e+00,0.000000000000000000e+00,0.000000000000000000e+00,0.000000000000000000e+00,0.000000000000000000e+00,0.000000000000000000e+00,0.000000000000000000e+00,0.000000000000000000e+00,0.000000000000000000e+00,0.000000000000000000e+00,0.000000000000000000e+00,0.000000000000000000e+00,0.000000000000000000e+00
0.000000000000000000e+00,0.000000000000000000e+00,0.000000000000000000e+00,0.000000000000000000e+00,0.000000000000000000e+00,0.000000000000000000e+00,0.000000000000000000e+00,0.000000000000000000e+00,0.000000000000000000e+00,0.000000000000000000e+00,0.000000000000000000e+00,0.000000000000000000e+00,0.000000000000000000e+00,1.212769451747734485e-05,1.036829020916043653e-04,2.986608930120230224e-05,1.030566058313804888e-04,1.330600695132308004e-05,4.810284878381618239e-05,0.000000000000000000e+00,5.061029980000712427e-05,0.000000000000000000e+00,4.477176763895992741e-05,3.979178128093677501e-05,8.847370065995703331e-05,9.341055773395125575e-05,1.358251543968761518e-04,1.491243640971554919e-04,2.079408913782969306e-04,2.227339085721399923e-04,2.081913052961772135e-04,1.704291968282902836e-04,3.282534089382718251e-05,1.485012324869722667e-04,6.129879892615959849e-05,1.017756276043509155e-04,1.370170958269280098e-04,1.461490372366746400e-04,1.360264344854414419e-04,1.496904887586049978e-04,1.156371685981339256e-04,1.358088668438893509e-04,4.233878498951945218e-05,1.435593037616111596e-04,1.150311599967536696e-04,1.036111588359042490e-04,2.623157489355397565e-05,6.892368847516070190e-05,8.899994172630852640e-05,1.276502047440285475e-04,1.383942476200273643e-04,1.794542558605646213e-04,0.000000000000000000e+00,0.000000000000000000e+00,0.000000000000000000e+00,0.000000000000000000e+00,0.000000000000000000e+00,9.936512036466000621e-05,1.576344926122577096e-04,6.582152389634258690e-05,1.233805142741764137e-04,7.722149486772694076e-05,1.509459784796547894e-04,1.889983900312614744e-04,1.178107177347188111e-04,1.359535399476163940e-04,1.974196496571096310e-04,7.000389510679200515e-05,1.695682729316890902e-04,1.238966739255298235e-04,7.923905523427913719e-05,1.006151484366057377e-04,3.330924775695936682e-05,0.000000000000000000e+00,0.000000000000000000e+00,0.000000000000000000e+00,1.059286669794555589e-04,1.453771525596349121e-05,2.117487075180446324e-04,1.139478242346632402e-04,6.923256707624932474e-05,8.464542705835105779e-05,0.000000000000000000e+00,0.000000000000000000e+00,0.000000000000000000e+00,0.000000000000000000e+00,0.000000000000000000e+00,0.000000000000000000e+00,0.000000000000000000e+00,0.000000000000000000e+00,0.000000000000000000e+00,0.000000000000000000e+00,0.000000000000000000e+00,0.000000000000000000e+00,0.000000000000000000e+00,0.000000000000000000e+00,0.000000000000000000e+00,0.000000000000000000e+00,0.000000000000000000e+00,0.000000000000000000e+00,0.000000000000000000e+00,0.000000000000000000e+00,0.000000000000000000e+00,0.000000000000000000e+00,0.000000000000000000e+00,0.000000000000000000e+00,0.000000000000000000e+00,0.000000000000000000e+00,0.000000000000000000e+00,0.000000000000000000e+00,0.000000000000000000e+00,0.000000000000000000e+00,0.000000000000000000e+00,0.000000000000000000e+00,0.000000000000000000e+00,0.000000000000000000e+00,0.000000000000000000e+00,0.000000000000000000e+00,0.000000000000000000e+00,0.000000000000000000e+00,0.000000000000000000e+00,0.000000000000000000e+00,0.000000000000000000e+00,0.000000000000000000e+00,0.000000000000000000e+00,0.000000000000000000e+00,0.000000000000000000e+00,0.000000000000000000e+00
0.000000000000000000e+00,0.000000000000000000e+00,0.000000000000000000e+00,0.000000000000000000e+00,0.000000000000000000e+00,0.000000000000000000e+00,0.000000000000000000e+00,0.000000000000000000e+00,0.000000000000000000e+00,0.000000000000000000e+00,0.000000000000000000e+00,0.000000000000000000e+00,8.020268470483063689e-05,9.168979223426822786e-05,6.387710603347382908e-05,7.599990618504238430e-05,6.646746381438098481e-05,7.238744473202763621e-05,1.574887328866716866e-05,7.848932694208802672e-05,7.637792089056075141e-05,8.275206051629669572e-05,1.735775568733879872e-05,8.330165279556267619e-05,9.429897325879115649e-05,8.369990849427713501e-05,1.649706033752140375e-04,1.635185057779019028e-04,1.796348094220273368e-04,1.551552905572164715e-04,1.647346665012481388e-04,2.600721079016001165e-04,8.509406886479783851e-05,8.489217461882417424e-05,1.137624633235510065e-04,1.104273718498600178e-04,1.990474832060888232e-04,1.610803145799550716e-04,2.595557044429451835e-04,1.887520550561395634e-04,8.776700518553349584e-05,9.625068543938870098e-05,1.170741338501569756e-04,1.221722183219695610e-04,7.951577407444270092e-05,8.378564654688178636e-05,8.080773834226550169e-05,6.121609129554286702e-05,4.084416387878633185e-05,1.524640339662998207e-04,5.239788183003959261e-05,4.816486670738778596e-05,1.162958772026662693e-04,1.104660006904306863e-04,4.259971106770844753e-06,7.763407833613954559e-05,7.012384323435246663e-05,4.046098017398041456e-05,4.529779768559650789e-05,1.275112549485060112e-04,5.144104433855383569e-05,6.597725027701370850e-05,1.031651503712303523e-04,0.000000000000000000e+00,2.987271960165062775e-05,6.519374872524945396e-05,5.867187730670871273e-05,7.026798899614093350e-05,0.000000000000000000e+00,0.000000000000000000e+00,3.551356042140865808e-05,0.000000000000000000e+00,0.000000000000000000e+00,0.000000000000000000e+00,0.000000000000000000e+00,0.000000000000000000e+00,0.000000000000000000e+00,0.000000000000000000e+00,5.080746657766958331e-05,6.543416131940963721e-05,0.000000000000000000e+00,0.000000000000000000e+00,0.000000000000000000e+00,0.000000000000000000e+00,7.583260403301447447e-04,0.000000000000000000e+00,0.000000000000000000e+00,0.000000000000000000e+00,0.000000000000000000e+00,0.000000000000000000e+00,0.000000000000000000e+00,0.000000000000000000e+00,0.000000000000000000e+00,0.000000000000000000e+00,0.000000000000000000e+00,0.000000000000000000e+00,0.000000000000000000e+00,0.000000000000000000e+00,0.000000000000000000e+00,0.000000000000000000e+00,0.000000000000000000e+00,0.000000000000000000e+00,0.000000000000000000e+00,0.000000000000000000e+00,0.000000000000000000e+00,0.000000000000000000e+00,0.000000000000000000e+00,0.000000000000000000e+00,0.000000000000000000e+00,0.000000000000000000e+00,0.000000000000000000e+00,0.000000000000000000e+00,0.000000000000000000e+00,0.000000000000000000e+00,0.000000000000000000e+00,0.000000000000000000e+00,0.000000000000000000e+00,0.000000000000000000e+00,0.000000000000000000e+00,0.000000000000000000e+00,0.000000000000000000e+00,0.000000000000000000e+00,0.000000000000000000e+00,0.000000000000000000e+00,0.000000000000000000e+00,0.000000000000000000e+00,0.000000000000000000e+00,0.000000000000000000e+00
4.308063263785554838e-05,7.805102707487245330e-06,2.134954978621499927e-05,0.000000000000000000e+00,0.000000000000000000e+00,0.000000000000000000e+00,0.000000000000000000e+00,0.000000000000000000e+00,1.624141900157736036e-05,2.355310947697104019e-05,8.254990078880030681e-05,7.489080812825266685e-05,4.930176065992952214e-05,1.107727698866610037e-04,4.946443356119713627e-05,9.273903267804857508e-05,1.028786344716475022e-04,1.626481985658674351e-04,6.386041956416809325e-06,1.171988616571372003e-04,2.376990405709330221e-05,7.428482691480604741e-05,6.323393915512993502e-05,9.497444346114290454e-05,5.164175137250585587e-05,1.899613434322398333e-04,1.120328881250687276e-04,3.016574849907505650e-04,1.114579053382204617e-04,2.243238387180483142e-04,1.600215716199352421e-04,1.870041725347001233e-04,1.163366617206483067e-04,1.175597761747053090e-04,8.433176582655680883e-05,7.121580319972816494e-05,6.803633469304833830e-05,1.608890315480210288e-04,4.643541659963301048e-05,9.730443645944478702e-05,1.246233589842181682e-04,1.158493651820068619e-04,1.359258165864270956e-04,8.245253145083551749e-05,1.428099593915708066e-04,1.152976578651113083e-04,1.106396094892150611e-04,5.003448109103567727e-05,1.405870515690592858e-04,1.249230634364502623e-05,6.167539192454373062e-05,9.097876712480649667e-06,4.845154459192842504e-05,0.000000000000000000e+00,2.758797195210121607e-05,0.000000000000000000e+00,0.000000000000000000e+00,0.000000000000000000e+00,1.108030652844732241e-04,7.260117932920241235e-05,1.341526964756864623e-04,0.000000000000000000e+00,0.000000000000000000e+00,0.000000000000000000e+00,0.000000000000000000e+00,0.000000000000000000e+00,0.000000000000000000e+00,0.000000000000000000e+00,0.000000000000000000e+00,0.000000000000000000e+00,0.000000000000000000e+00,0.000000000000000000e+00,0.000000000000000000e+00,0.000000000000000000e+00,0.000000000000000000e+00,0.000000000000000000e+00,0.000000000000000000e+00,0.000000000000000000e+00,0.000000000000000000e+00,0.000000000000000000e+00,0.000000000000000000e+00,0.000000000000000000e+00,0.000000000000000000e+00,0.000000000000000000e+00,2.472815662053240091e-03,0.000000000000000000e+00,0.000000000000000000e+00,0.000000000000000000e+00,0.000000000000000000e+00,0.000000000000000000e+00,0.000000000000000000e+00,0.000000000000000000e+00,0.000000000000000000e+00,0.000000000000000000e+00,0.000000000000000000e+00,0.000000000000000000e+00,0.000000000000000000e+00,0.000000000000000000e+00,0.000000000000000000e+00,0.000000000000000000e+00,0.000000000000000000e+00,0.000000000000000000e+00,0.000000000000000000e+00,0.000000000000000000e+00,0.000000000000000000e+00,0.000000000000000000e+00,0.000000000000000000e+00,0.000000000000000000e+00,0.000000000000000000e+00,0.000000000000000000e+00,0.000000000000000000e+00,0.000000000000000000e+00,0.000000000000000000e+00,0.000000000000000000e+00,0.000000000000000000e+00,0.000000000000000000e+00,0.000000000000000000e+00,0.000000000000000000e+00,0.000000000000000000e+00,0.000000000000000000e+00,0.000000000000000000e+00,0.000000000000000000e+00,0.000000000000000000e+00,0.000000000000000000e+00,0.000000000000000000e+00,0.000000000000000000e+00,0.000000000000000000e+00,0.000000000000000000e+00
9.757709072795804205e-05,5.422461965136963698e-06,1.287479928076671378e-05,3.269421696849298252e-06,2.582522443482749105e-05,2.596041930259539344e-05,0.000000000000000000e+00,0.000000000000000000e+00,1.781172353304081237e-05,7.353058852395456834e-05,6.759900039507813635e-05,1.285151489555901299e-04,9.173144531296599264e-05,1.092837600288117811e-04,1.052490016966548014e-04,1.153193898769034920e-04,5.341367730087738226e-05,9.518576827194217584e-05,9.458561495207923862e-05,1.088287003046585781e-04,9.536417478396962285e-05,1.794671931708238951e-04,1.298410198741975084e-04,7.980174357966033261e-05,1.249839843066867821e-04,1.698200904218692079e-04,1.979935604089714119e-04,2.441938281276317610e-04,3.138635775052037061e-04,2.018641145258541904e-04,1.672020735673987847e-04,1.557804754173338941e-04,1.412356273463736330e-04,1.066489197398188914e-04,4.003770544278195161e-05,2.135141620139540536e-04,7.142017939392510681e-05,1.428008765582193485e-04,1.589622910994123299e-04,1.884313967690500412e-04,8.828045581542807421e-05,1.209138260882296136e-04,2.059392233556944080e-04,1.270145123124575941e-04,4.244457970149229651e-05,4.289440135482461888e-05,1.424505657310587805e-04,1.913271823771267805e-04,8.378097115307663143e-05,1.020910902865413409e-04,1.194788221502885871e-04,2.749046662234320832e-05,0.000000000000000000e+00,7.346054331213287781e-05,0.000000000000000000e+00,0.000000000000000000e+00,0.000000000000000000e+00,0.000000000000000000e+00,0.000000000000000000e+00,0.000000000000000000e+00,0.000000000000000000e+00,0.000000000000000000e+00,0.000000000000000000e+00,0.000000000000000000e+00,0.000000000000000000e+00,0.000000000000000000e+00,0.000000000000000000e+00,0.000000000000000000e+00,0.000000000000000000e+00,0.000000000000000000e+00,0.000000000000000000e+00,0.000000000000000000e+00,0.000000000000000000e+00,0.000000000000000000e+00,0.000000000000000000e+00,0.000000000000000000e+00,0.000000000000000000e+00,0.000000000000000000e+00,0.000000000000000000e+00,0.000000000000000000e+00,0.000000000000000000e+00,0.000000000000000000e+00,0.000000000000000000e+00,0.000000000000000000e+00,0.000000000000000000e+00,0.000000000000000000e+00,0.000000000000000000e+00,0.000000000000000000e+00,0.000000000000000000e+00,0.000000000000000000e+00,0.000000000000000000e+00,0.000000000000000000e+00,0.000000000000000000e+00,0.000000000000000000e+00,0.000000000000000000e+00,0.000000000000000000e+00,0.000000000000000000e+00,0.000000000000000000e+00,0.000000000000000000e+00,0.000000000000000000e+00,0.000000000000000000e+00,0.000000000000000000e+00,0.000000000000000000e+00,0.000000000000000000e+00,0.000000000000000000e+00,0.000000000000000000e+00,0.000000000000000000e+00,0.000000000000000000e+00,0.000000000000000000e+00,0.000000000000000000e+00,0.000000000000000000e+00,0.000000000000000000e+00,0.000000000000000000e+00,0.000000000000000000e+00,0.000000000000000000e+00,0.000000000000000000e+00,0.000000000000000000e+00,0.000000000000000000e+00,0.000000000000000000e+00,0.000000000000000000e+00,0.000000000000000000e+00,0.000000000000000000e+00,0.000000000000000000e+00,0.000000000000000000e+00,0.000000000000000000e+00,0.000000000000000000e+00,0.000000000000000000e+00,0.000000000000000000e+00
2.484958667158490049e-05,0.000000000000000000e+00,0.000000000000000000e+00,0.000000000000000000e+00,0.000000000000000000e+00,0.000000000000000000e+00,0.000000000000000000e+00,0.000000000000000000e+00,0.000000000000000000e+00,8.765747273884298978e-05,3.308278266067800631e-05,1.138260732041671382e-04,9.994003528630616658e-05,9.581985600799133591e-05,1.365233255482188016e-04,1.609254153300068995e-04,1.560037577428765459e-04,1.854740615419722628e-04,1.120386678583504508e-04,1.238150001966236888e-04,1.309265252177841266e-04,9.962586471529118811e-05,1.251860389130149854e-04,1.591258651736107102e-04,3.211791927009157805e-05,1.424813946440215025e-04,1.738763771179182194e-04,2.381494153232812186e-04,2.426980157208581137e-04,2.465633029349556483e-04,2.829623611993882081e-04,2.784103427252685066e-04,2.217690949575372189e-04,2.344684282827134308e-04,1.965558078486014950e-04,1.992961614410230364e-05,1.834070735743555255e-04,1.368652986763984041e-04,1.793063712636420971e-04,0.000000000000000000e+00,1.607261444394561967e-04,1.158467765379950004e-04,8.991019119725596946e-05,1.730478495179144137e-04,2.326402246778017221e-04,1.515132083972329938e-04,1.051372961752357376e-04,0.000000000000000000e+00,8.108450548693972538e-05,1.491307718521432929e-04,5.597362050930585798e-05,7.998174391450132167e-05,8.244766421342337645e-05,4.108388927140269677e-05,0.000000000000000000e+00,0.000000000000000000e+00,0.000000000000000000e+00,0.000000000000000000e+00,0.000000000000000000e+00,0.000000000000000000e+00,0.000000000000000000e+00,0.000000000000000000e+00,0.000000000000000000e+00,0.000000000000000000e+00,0.000000000000000000e+00,0.000000000000000000e+00,0.000000000000000000e+00,0.000000000000000000e+00,0.000000000000000000e+00,0.000000000000000000e+00,0.000000000000000000e+00,0.000000000000000000e+00,0.000000000000000000e+00,0.000000000000000000e+00,0.000000000000000000e+00,0.000000000000000000e+00,0.000000000000000000e+00,0.000000000000000000e+00,0.000000000000000000e+00,0.000000000000000000e+00,0.000000000000000000e+00,0.000000000000000000e+00,0.000000000000000000e+00,0.000000000000000000e+00,0.000000000000000000e+00,0.000000000000000000e+00,0.000000000000000000e+00,0.000000000000000000e+00,0.000000000000000000e+00,0.000000000000000000e+00,0.000000000000000000e+00,0.000000000000000000e+00,0.000000000000000000e+00,0.000000000000000000e+00,0.000000000000000000e+00,0.000000000000000000e+00,0.000000000000000000e+00,0.000000000000000000e+00,0.000000000000000000e+00,0.000000000000000000e+00,0.000000000000000000e+00,0.000000000000000000e+00,0.000000000000000000e+00,0.000000000000000000e+00,0.000000000000000000e+00,0.000000000000000000e+00,0.000000000000000000e+00,0.000000000000000000e+00,0.000000000000000000e+00,0.000000000000000000e+00,0.000000000000000000e+00,0.000000000000000000e+00,0.000000000000000000e+00,0.000000000000000000e+00,0.000000000000000000e+00,0.000000000000000000e+00,0.000000000000000000e+00,0.000000000000000000e+00,0.000000000000000000e+00,0.000000000000000000e+00,0.000000000000000000e+00,0.000000000000000000e+00,0.000000000000000000e+00,0.000000000000000000e+00,0.000000000000000000e+00,0.000000000000000000e+00,0.000000000000000000e+00,0.000000000000000000e+00
4.558742100187142179e-05,0.000000000000000000e+00,0.000000000000000000e+00,0.000000000000000000e+00,0.000000000000000000e+00,0.000000000000000000e+00,0.000000000000000000e+00,0.000000000000000000e+00,3.147046737581423370e-05,6.237982708342153313e-05,8.196994598482129342e-05,1.542968692806362440e-04,1.068665366255196447e-04,1.207451603378535188e-04,7.314407462926040258e-05,1.329228577336402433e-04,7.263728691069121202e-05,7.914913960763615838e-05,8.945811735851305418e-05,9.216825065615986599e-05,7.593909221784237709e-05,1.591958646670082642e-04,1.455968383334920965e-04,9.124416838889513567e-05,1.447550289145964851e-04,1.518955274761286749e-04,1.824034270613736591e-04,1.667953369692674762e-04,4.007140404582355429e-04,2.400940361624796630e-04,2.501993481469631840e-04,1.968754508849305217e-04,3.179217156202531944e-04,1.086435676529131018e-04,8.449959804376043363e-05,1.249110455266701724e-04,1.141149848133748095e-04,1.166406029595746385e-04,1.826267217539215173e-04,3.149472840795196652e-04,1.154739259093107541e-04,1.510847334614057928e-04,1.670952046477275279e-04,2.187757419606335761e-04,1.243504316254257088e-04,8.555253638076953601e-05,2.236281809145722847e-05,1.282819598251337342e-04,5.401949217307658486e-05,0.000000000000000000e+00,3.163058995588358016e-04,1.228914540470771441e-04,9.223892415639836000e-05,0.000000000000000000e+00,0.000000000000000000e+00,0.000000000000000000e+00,0.000000000000000000e+00,0.000000000000000000e+00,0.000000000000000000e+00,0.000000000000000000e+00,0.000000000000000000e+00,0.000000000000000000e+00,0.000000000000000000e+00,0.000000000000000000e+00,0.000000000000000000e+00,0.000000000000000000e+00,0.000000000000000000e+00,0.000000000000000000e+00,0.000000000000000000e+00,0.000000000000000000e+00,0.000000000000000000e+00,0.000000000000000000e+00,0.000000000000000000e+00,0.000000000000000000e+00,0.000000000000000000e+00,0.000000000000000000e+00,0.000000000000000000e+00,0.000000000000000000e+00,0.000000000000000000e+00,0.000000000000000000e+00,0.000000000000000000e+00,0.000000000000000000e+00,0.000000000000000000e+00,0.000000000000000000e+00,0.000000000000000000e+00,0.000000000000000000e+00,0.000000000000000000e+00,0.000000000000000000e+00,0.000000000000000000e+00,0.000000000000000000e+00,0.000000000000000000e+00,0.000000000000000000e+00,0.000000000000000000e+00,0.000000000000000000e+00,0.000000000000000000e+00,0.000000000000000000e+00,0.000000000000000000e+00,0.000000000000000000e+00,0.000000000000000000e+00,0.000000000000000000e+00,0.000000000000000000e+00,0.000000000000000000e+00,0.000000000000000000e+00,0.000000000000000000e+00,0.000000000000000000e+00,0.000000000000000000e+00,0.000000000000000000e+00,0.000000000000000000e+00,0.000000000000000000e+00,0.000000000000000000e+00,0.000000000000000000e+00,0.000000000000000000e+00,0.000000000000000000e+00,0.000000000000000000e+00,0.000000000000000000e+00,0.000000000000000000e+00,0.000000000000000000e+00,0.000000000000000000e+00,0.000000000000000000e+00,0.000000000000000000e+00,0.000000000000000000e+00,0.000000000000000000e+00,0.000000000000000000e+00,0.000000000000000000e+00,0.000000000000000000e+00,0.000000000000000000e+00,0.000000000000000000e+00,0.000000000000000000e+00
0.000000000000000000e+00,0.000000000000000000e+00,0.000000000000000000e+00,0.000000000000000000e+00,0.000000000000000000e+00,0.000000000000000000e+00,0.000000000000000000e+00,0.000000000000000000e+00,3.013978136241344841e-05,0.000000000000000000e+00,6.386807242830156198e-05,4.139175763410713453e-05,1.386700350570700387e-04,1.052832553993737839e-04,1.173534486524875972e-04,1.008702642174293904e-04,1.766644909094650031e-04,1.831585831403747166e-04,1.251885894667180128e-04,1.307108030729252444e-04,2.001078477313531195e-04,7.829244237240757381e-05,1.141882434744558592e-04,6.685678547421216016e-05,4.876123995552175721e-05,7.157292536906167632e-05,1.536784472073136898e-04,1.747958346257776931e-04,1.801979977593771499e-04,1.995478432681907412e-04,1.440278135011603916e-04,3.373195435095319638e-04,2.164737194491345846e-04,2.434358788633748331e-04,2.086700997897458765e-04,1.533477348495183878e-04,4.042888063169798889e-05,1.604579741885616328e-04,1.351238001541468932e-04,8.758503678299178221e-05,1.791054307214521712e-04,1.266909305670828854e-04,1.063897044798604071e-04,1.103964413290157634e-04,2.114644105522309040e-04,2.340558971159603706e-04,2.046537361331933632e-04,0.000000000000000000e+00,5.970970169040617880e-05,2.008112580878922159e-04,0.000000000000000000e+00,0.000000000000000000e+00,0.000000000000000000e+00,0.000000000000000000e+00,0.000000000000000000e+00,0.000000000000000000e+00,0.000000000000000000e+00,0.000000000000000000e+00,0.000000000000000000e+00,0.000000000000000000e+00,0.000000000000000000e+00,0.000000000000000000e+00,0.000000000000000000e+00,0.000000000000000000e+00,0.000000000000000000e+00,0.000000000000000000e+00,0.000000000000000000e+00,0.000000000000000000e+00,0.000000000000000000e+00,0.000000000000000000e+00,0.000000000000000000e+00,0.000000000000000000e+00,0.000000000000000000e+00,0.000000000000000000e+00,0.000000000000000000e+00,0.000000000000000000e+00,0.000000000000000000e+00,0.000000000000000000e+00,0.000000000000000000e+00,0.000000000000000000e+00,0.000000000000000000e+00,0.000000000000000000e+00,0.000000000000000000e+00,0.000000000000000000e+00,0.000000000000000000e+00,0.000000000000000000e+00,0.000000000000000000e+00,0.000000000000000000e+00,0.000000000000000000e+00,0.000000000000000000e+00,0.000000000000000000e+00,0.000000000000000000e+00,0.000000000000000000e+00,0.000000000000000000e+00,0.000000000000000000e+00,0.000000000000000000e+00,0.000000000000000000e+00,0.000000000000000000e+00,0.000000000000000000e+00,0.000000000000000000e+00,0.000000000000000000e+00,0.000000000000000000e+00,0.000000000000000000e+00,0.000000000000000000e+00,0.000000000000000000e+00,0.000000000000000000e+00,0.000000000000000000e+00,0.000000000000000000e+00,0.000000000000000000e+00,0.000000000000000000e+00,0.000000000000000000e+00,0.000000000000000000e+00,0.000000000000000000e+00,0.000000000000000000e+00,0.000000000000000000e+00,0.000000000000000000e+00,0.000000000000000000e+00,0.000000000000000000e+00,0.000000000000000000e+00,0.000000000000000000e+00,0.000000000000000000e+00,0.000000000000000000e+00,0.000000000000000000e+00,0.000000000000000000e+00,0.000000000000000000e+00,0.000000000000000000e+00,0.000000000000000000e+00,0.000000000000000000e+00
0.000000000000000000e+00,0.000000000000000000e+00,0.000000000000000000e+00,0.000000000000000000e+00,0.000000000000000000e+00,0.000000000000000000e+00,0.000000000000000000e+00,5.653609409250897194e-06,0.000000000000000000e+00,4.467867035442468825e-05,3.052853945459057275e-05,6.587156694742292114e-05,8.475699594191475378e-05,1.396403848758020572e-04,1.144143123098908589e-04,1.975312746866245508e-04,1.335795176096728860e-04,1.281343647340130014e-04,1.966565824183409271e-04,1.443362816448833950e-04,1.173914610470927982e-04,1.705849752105069309e-04,1.456926573725441493e-04,1.306713921183480010e-04,7.556329904646836909e-05,1.200152308756317725e-04,7.938820238609424506e-05,1.126754872993799666e-04,2.036745063709710754e-04,2.419657946987168991e-04,2.792349740036450482e-04,1.257858628927174057e-04,2.919742545203840643e-04,2.486899910132578558e-04,1.510342560751176037e-04,1.709873314593603059e-04,1.992609675367972217e-04,7.544412128920353899e-05,1.805932207069597852e-04,2.049597435190445103e-04,1.863974553584091666e-04,2.363266862902288566e-04,2.560465175606375845e-04,2.633596733978036211e-04,1.157135822250014956e-04,1.082145355188153589e-04,6.360109309052625743e-05,2.077257145994874878e-04,8.288082989746164368e-05,0.000000000000000000e+00,0.000000000000000000e+00,2.185552257646321110e-04,2.665062584650042406e-04,0.000000000000000000e+00,0.000000000000000000e+00,0.000000000000000000e+00,0.000000000000000000e+00,0.000000000000000000e+00,0.000000000000000000e+00,0.000000000000000000e+00,0.000000000000000000e+00,0.000000000000000000e+00,0.000000000000000000e+00,0.000000000000000000e+00,0.000000000000000000e+00,0.000000000000000000e+00,0.000000000000000000e+00,0.000000000000000000e+00,0.000000000000000000e+00,0.000000000000000000e+00,0.000000000000000000e+00,0.000000000000000000e+00,0.000000000000000000e+00,0.000000000000000000e+00,0.000000000000000000e+00,0.000000000000000000e+00,0.000000000000000000e+00,0.000000000000000000e+00,0.000000000000000000e+00,0.000000000000000000e+00,0.000000000000000000e+00,0.000000000000000000e+00,0.000000000000000000e+00,0.000000000000000000e+00,0.000000000000000000e+00,0.000000000000000000e+00,0.000000000000000000e+00,0.000000000000000000e+00,0.000000000000000000e+00,0.000000000000000000e+00,0.000000000000000000e+00,0.000000000000000000e+00,0.000000000000000000e+00,0.000000000000000000e+00,0.000000000000000000e+00,0.000000000000000000e+00,0.000000000000000000e+00,0.000000000000000000e+00,0.000000000000000000e+00,0.000000000000000000e+00,0.000000000000000000e+00,0.000000000000000000e+00,0.000000000000000000e+00,0.000000000000000000e+00,0.000000000000000000e+00,0.000000000000000000e+00,0.000000000000000000e+00,0.000000000000000000e+00,0.000000000000000000e+00,0.000000000000000000e+00,0.000000000000000000e+00,0.000000000000000000e+00,0.000000000000000000e+00,0.000000000000000000e+00,0.000000000000000000e+00,0.000000000000000000e+00,0.000000000000000000e+00,0.000000000000000000e+00,0.000000000000000000e+00,0.000000000000000000e+00,0.000000000000000000e+00,0.000000000000000000e+00,0.000000000000000000e+00,0.000000000000000000e+00,0.000000000000000000e+00,0.000000000000000000e+00,0.000000000000000000e+00,0.000000000000000000e+00
0.000000000000000000e+00,0.000000000000000000e+00,0.000000000000000000e+00,0.000000000000000000e+00,2.549545145597584958e-05,5.787880543083693136e-05,6.063199761890873625e-05,3.160724402852669229e-05,5.851718062913397367e-05,0.000000000000000000e+00,9.674785928670973979e-05,0.000000000000000000e+00,2.947866973320921008e-05,4.346613576715411116e-05,1.524955872390454457e-04,2.956795865031109423e-05,1.898839607883659247e-04,1.176746542890034548e-04,1.319914759813708852e-04,2.592346258820354943e-04,1.835489391751336710e-04,1.501080484058678354e-04,1.439475425655584086e-04,1.148743295487463087e-04,7.475934894752072019e-05,9.173284329081553309e-06,1.347692661337207163e-04,4.368076514233263941e-05,1.214949550003462857e-04,1.352883996131768417e-04,2.413975719915898550e-04,2.632402533501377782e-04,2.645793283674594465e-04,2.243136198457586152e-04,3.106992108704849744e-04,3.123264260583076437e-04,2.425895440296640146e-04,2.383923518776188163e-04,2.059631202378784981e-04,1.518577223690724431e-04,2.571048607599449526e-04,1.789598037100466408e-04,4.421091573851846019e-05,1.693600791247654603e-04,1.173913423637581131e-04,3.039471037607146425e-04,1.690755733301323963e-04,3.287536235481733425e-05,1.599280829577091065e-04,1.944285937610119993e-04,8.235663658092158405e-05,2.871376990671998240e-04,0.000000000000000000e+00,0.000000000000000000e+00,0.000000000000000000e+00,0.000000000000000000e+00,0.000000000000000000e+00,0.000000000000000000e+00,0.000000000000000000e+00,0.000000000000000000e+00,0.000000000000000000e+00,0.000000000000000000e+00,0.000000000000000000e+00,0.000000000000000000e+00,0.000000000000000000e+00,0.000000000000000000e+00,0.000000000000000000e+00,0.000000000000000000e+00,0.000000000000000000e+00,0.000000000000000000e+00,0.000000000000000000e+00,0.000000000000000000e+00,0.000000000000000000e+00,0.000000000000000000e+00,0.000000000000000000e+00,0.000000000000000000e+00,0.000000000000000000e+00,0.000000000000000000e+00,0.000000000000000000e+00,0.000000000000000000e+00,0.000000000000000000e+00,0.000000000000000000e+00,0.000000000000000000e+00,0.000000000000000000e+00,0.000000000000000000e+00,0.000000000000000000e+00,0.000000000000000000e+00,0.000000000000000000e+00,0.000000000000000000e+00,0.000000000000000000e+00,0.000000000000000000e+00,0.000000000000000000e+00,0.000000000000000000e+00,0.000000000000000000e+00,0.000000000000000000e+00,0.000000000000000000e+00,0.000000000000000000e+00,0.000000000000000000e+00,0.000000000000000000e+00,0.000000000000000000e+00,0.000000000000000000e+00,0.000000000000000000e+00,0.000000000000000000e+00,0.000000000000000000e+00,0.000000000000000000e+00,0.000000000000000000e+00,0.000000000000000000e+00,0.000000000000000000e+00,0.000000000000000000e+00,0.000000000000000000e+00,0.000000000000000000e+00,0.000000000000000000e+00,0.000000000000000000e+00,0.000000000000000000e+00,0.000000000000000000e+00,0.000000000000000000e+00,0.000000000000000000e+00,0.000000000000000000e+00,0.000000000000000000e+00,0.000000000000000000e+00,0.000000000000000000e+00,0.000000000000000000e+00,0.000000000000000000e+00,0.000000000000000000e+00,0.000000000000000000e+00,0.000000000000000000e+00,0.000000000000000000e+00,0.000000000000000000e+00
0.000000000000000000e+00,0.000000000000000000e+00,0.000000000000000000e+00,0.000000000000000000e+00,6.602677688878069110e-05,4.916021797160600543e-05,4.101641870355152072e-05,2.528168217314958702e-05,4.712602221580398053e-05,0.000000000000000000e+00,4.984986420782041460e-05,6.268083210790748332e-05,9.771444203823666881e-05,3.169491014523573969e-05,1.465484115299518601e-04,1.599726059618772800e-04,8.920019209546521254e-05,5.047603106206184723e-05,2.124735678195796551e-04,9.352143091183885953e-05,1.478026319464744982e-04,5.481007478361093636e-05,1.328060339755467298e-04,9.066446155905919988e-05,1.413829652609878483e-04,4.459310696330735010e-05,2.720896179878704480e-04,5.883362832033425582e-05,6.006384225789946284e-05,1.926163047086458210e-04,2.011780915444814043e-04,2.277122385624674738e-04,1.988625834786814214e-04,2.769170498282540497e-04,1.919031805385340420e-04,1.831890531297363932e-04,1.866611115523241480e-04,2.376046376237937545e-04,1.290257111462665273e-04,2.054934956820044271e-04,1.827174641294406155e-05,2.250713996603337993e-04,3.083536312761306331e-04,2.546613454133450009e-04,2.437027903781539221e-04,8.291610522982176756e-05,5.445730945879193572e-05,3.600983673196548837e-04,1.847686841650997129e-04,5.887684995510146204e-06,0.000000000000000000e+00,0.000000000000000000e+00,0.000000000000000000e+00,0.000000000000000000e+00,0.000000000000000000e+00,0.000000000000000000e+00,0.000000000000000000e+00,0.000000000000000000e+00,0.000000000000000000e+00,0.000000000000000000e+00,0.000000000000000000e+00,0.000000000000000000e+00,0.000000000000000000e+00,0.000000000000000000e+00,0.000000000000000000e+00,0.000000000000000000e+00,0.000000000000000000e+00,0.000000000000000000e+00,0.000000000000000000e+00,0.000000000000000000e+00,0.000000000000000000e+00,0.000000000000000000e+00,0.000000000000000000e+00,0.000000000000000000e+00,0.000000000000000000e+00,0.000000000000000000e+00,0.000000000000000000e+00,0.000000000000000000e+00,0.000000000000000000e+00,0.000000000000000000e+00,0.000000000000000000e+00,0.000000000000000000e+00,0.000000000000000000e+00,0.000000000000000000e+00,0.000000000000000000e+00,0.000000000000000000e+00,0.000000000000000000e+00,0.000000000000000000e+00,0.000000000000000000e+00,0.000000000000000000e+00,0.000000000000000000e+00,0.000000000000000000e+00,0.000000000000000000e+00,0.000000000000000000e+00,0.000000000000000000e+00,0.000000000000000000e+00,0.000000000000000000e+00,0.000000000000000000e+00,0.000000000000000000e+00,0.000000000000000000e+00,0.000000000000000000e+00,0.000000000000000000e+00,0.000000000000000000e+00,0.000000000000000000e+00,0.000000000000000000e+00,0.000000000000000000e+00,0.000000000000000000e+00,0.000000000000000000e+00,0.000000000000000000e+00,3.310090270767207906e-05,4.226812269577808709e-05,7.825697373894551824e-05,0.000000000000000000e+00,3.831660801379270531e-05,0.000000000000000000e+00,0.000000000000000000e+00,0.000000000000000000e+00,0.000000000000000000e+00,0.000000000000000000e+00,0.000000000000000000e+00,0.000000000000000000e+00,0.000000000000000000e+00,0.000000000000000000e+00,0.000000000000000000e+00,0.000000000000000000e+00,0.000000000000000000e+00,0.000000000000000000e+00,1.197481122121678678e-04
0.000000000000000000e+00,0.000000000000000000e+00,0.000000000000000000e+00,0.000000000000000000e+00,0.000000000000000000e+00,3.507398738340488390e-05,1.188367743726402283e-04,3.631843095456129623e-05,7.219940924390692838e-05,8.274026187832621824e-05,1.487849825249218318e-04,4.675472513575339769e-05,5.331378494397468284e-05,4.037197107272937920e-05,7.615820445795638230e-05,4.961669502251246384e-05,1.953388872508070371e-04,1.478603546719115338e-04,1.290029652682329886e-04,1.743549300446330683e-04,1.976207883590692103e-04,1.771291602247780975e-04,1.504805633476582994e-04,6.475464697284018017e-05,4.922896713172626325e-05,1.308613165217907580e-04,0.000000000000000000e+00,1.881356827649790760e-04,5.487014630521681055e-05,2.020490527334323834e-05,1.207566249057283672e-04,1.866696553882900365e-04,2.351663140041323249e-04,2.574567549256020485e-04,2.448746792745157188e-04,2.901049817661230552e-04,3.208095400311218419e-04,2.713256335697976406e-04,1.848723229647227699e-04,1.979500970557426071e-04,2.386778494465143950e-04,1.885912092204009840e-04,6.301000242624801287e-05,8.590203323473271000e-06,1.622520495927062345e-04,1.798056430219655390e-04,2.709085658198163364e-04,1.436185162576844219e-04,0.000000000000000000e+00,0.000000000000000000e+00,0.000000000000000000e+00,0.000000000000000000e+00,0.000000000000000000e+00,0.000000000000000000e+00,0.000000000000000000e+00,0.000000000000000000e+00,0.000000000000000000e+00,0.000000000000000000e+00,0.000000000000000000e+00,0.000000000000000000e+00,0.000000000000000000e+00,0.000000000000000000e+00,0.000000000000000000e+00,0.000000000000000000e+00,0.000000000000000000e+00,0.000000000000000000e+00,0.000000000000000000e+00,0.000000000000000000e+00,0.000000000000000000e+00,0.000000000000000000e+00,0.000000000000000000e+00,0.000000000000000000e+00,0.000000000000000000e+00,0.000000000000000000e+00,0.000000000000000000e+00,0.000000000000000000e+00,0.000000000000000000e+00,0.000000000000000000e+00,0.000000000000000000e+00,0.000000000000000000e+00,0.000000000000000000e+00,0.000000000000000000e+00,0.000000000000000000e+00,0.000000000000000000e+00,0.000000000000000000e+00,0.000000000000000000e+00,0.000000000000000000e+00,0.000000000000000000e+00,0.000000000000000000e+00,0.000000000000000000e+00,0.000000000000000000e+00,0.000000000000000000e+00,0.000000000000000000e+00,0.000000000000000000e+00,0.000000000000000000e+00,0.000000000000000000e+00,0.000000000000000000e+00,0.000000000000000000e+00,0.000000000000000000e+00,0.000000000000000000e+00,0.000000000000000000e+00,0.000000000000000000e+00,0.000000000000000000e+00,0.000000000000000000e+00,0.000000000000000000e+00,0.000000000000000000e+00,0.000000000000000000e+00,6.445452081254948109e-06,5.947357856138511849e-05,1.121324870631224761e-04,9.054669471477234585e-05,9.574585578201601059e-05,2.308090599775781666e-05,1.017699068900194552e-04,2.732125014707700731e-05,1.348586016605684960e-04,0.000000000000000000e+00,2.231157373076878930e-05,0.000000000000000000e+00,0.000000000000000000e+00,0.000000000000000000e+00,0.000000000000000000e+00,0.000000000000000000e+00,0.000000000000000000e+00,0.000000000000000000e+00,0.000000000000000000e+00,0.000000000000000000e+00,1.270280955135411722e-04
0.000000000000000000e+00,0.000000000000000000e+00,0.000000000000000000e+00,0.000000000000000000e+00,0.000000000000000000e+00,1.154912297614713260e-05,1.073280606546885468e-04,0.000000000000000000e+00,4.084836910127480515e-05,0.000000000000000000e+00,0.000000000000000000e+00,1.184032928573823176e-04,1.079979326795306292e-04,1.140254455624607538e-04,9.560429491388098297e-05,1.731856622169548182e-04,1.137805477148988106e-04,2.193519545273477415e-04,1.610624932592626829e-04,1.380555822291232499e-04,1.572476142528058535e-04,1.028940666403814805e-04,1.425459547964634077e-04,1.355572894329850015e-04,1.956586858842347188e-04,7.247669023330788947e-05,6.023894176136015456e-05,5.551636165107423567e-05,1.140145685723433102e-04,1.072678005363688990e-04,1.418920744736088555e-04,1.348252261925969716e-04,2.774906424119597567e-04,2.068959851703073020e-04,2.279726787854393743e-04,1.796940632974591433e-04,2.279141944732355704e-04,1.340678470327354849e-04,1.922386670756324014e-04,0.000000000000000000e+00,1.044973667925955089e-04,2.255160219808034693e-05,2.430997899837298378e-04,2.090409143438543645e-04,1.930057976537280615e-04,0.000000000000000000e+00,0.000000000000000000e+00,0.000000000000000000e+00,0.000000000000000000e+00,0.000000000000000000e+00,0.000000000000000000e+00,0.000000000000000000e+00,0.000000000000000000e+00,0.000000000000000000e+00,0.000000000000000000e+00,0.000000000000000000e+00,0.000000000000000000e+00,0.000000000000000000e+00,0.000000000000000000e+00,0.000000000000000000e+00,0.000000000000000000e+00,0.000000000000000000e+00,0.000000000000000000e+00,0.000000000000000000e+00,0.000000000000000000e+00,0.000000000000000000e+00,0.000000000000000000e+00,0.000000000000000000e+00,0.000000000000000000e+00,0.000000000000000000e+00,0.000000000000000000e+00,0.000000000000000000e+00,0.000000000000000000e+00,0.000000000000000000e+00,0.000000000000000000e+00,0.000000000000000000e+00,0.000000000000000000e+00,0.000000000000000000e+00,0.000000000000000000e+00,0.000000000000000000e+00,0.000000000000000000e+00,0.000000000000000000e+00,0.000000000000000000e+00,0.000000000000000000e+00,0.000000000000000000e+00,0.000000000000000000e+00,0.000000000000000000e+00,0.000000000000000000e+00,0.000000000000000000e+00,0.000000000000000000e+00,0.000000000000000000e+00,0.000000000000000000e+00,0.000000000000000000e+00,0.000000000000000000e+00,0.000000000000000000e+00,0.000000000000000000e+00,0.000000000000000000e+00,0.000000000000000000e+00,0.000000000000000000e+00,0.000000000000000000e+00,0.000000000000000000e+00,0.000000000000000000e+00,0.000000000000000000e+00,0.000000000000000000e+00,0.000000000000000000e+00,9.371380735365276887e-06,3.576063806601891519e-05,2.009516142057051028e-05,0.000000000000000000e+00,4.010749603854375062e-05,6.448778838089192238e-05,1.687562412612214179e-04,3.435166784889925374e-05,1.303507640387705619e-04,3.473117643788289590e-05,1.196273789016915961e-04,7.940719102777120473e-05,5.867130368429435367e-05,6.258219135644475990e-05,7.657507270352050888e-05,0.000000000000000000e+00,2.882677873395729769e-05,0.000000000000000000e+00,0.000000000000000000e+00,0.000000000000000000e+00,0.000000000000000000e+00,0.000000000000000000e+00,1.629568907024363841e-04
0.000000000000000000e+00,0.000000000000000000e+00,0.000000000000000000e+00,0.000000000000000000e+00,0.000000000000000000e+00,1.604283285916462660e-05,1.590747060366371022e-04,1.125092104766054266e-04,7.087478256956082905e-05,6.917048825764917242e-05,9.824457481354110198e-05,1.264895635072902664e-05,0.000000000000000000e+00,0.000000000000000000e+00,5.854601672144340126e-05,2.758594680977334901e-05,1.339198080601490157e-04,1.199379683463149449e-04,1.109407428366929600e-04,1.427413664855080593e-04,1.601204741792219615e-04,1.942898714208488064e-04,1.969719278057583236e-04,1.204500893461683901e-04,3.750310388317894494e-05,9.592693516158501312e-05,4.932947062335468736e-05,4.879442683824755477e-05,8.647484437514991779e-05,0.000000000000000000e+00,0.000000000000000000e+00,9.709323846828586267e-05,1.316003391699970470e-04,1.949132120414239248e-04,1.688450325763046777e-04,2.192740718346231446e-04,2.684409404973091533e-04,2.280974336623225996e-04,2.334778186374214699e-04,1.684970925221687286e-04,2.301726048420605557e-04,2.608260473460844364e-04,5.898696282893770814e-08,0.000000000000000000e+00,0.000000000000000000e+00,0.000000000000000000e+00,0.000000000000000000e+00,0.000000000000000000e+00,0.000000000000000000e+00,0.000000000000000000e+00,0.000000000000000000e+00,0.000000000000000000e+00,0.000000000000000000e+00,0.000000000000000000e+00,0.000000000000000000e+00,0.000000000000000000e+00,0.000000000000000000e+00,0.000000000000000000e+00,0.000000000000000000e+00,0.000000000000000000e+00,0.000000000000000000e+00,0.000000000000000000e+00,0.000000000000000000e+00,0.000000000000000000e+00,0.000000000000000000e+00,0.000000000000000000e+00,0.000000000000000000e+00,0.000000000000000000e+00,0.000000000000000000e+00,0.000000000000000000e+00,0.000000000000000000e+00,0.000000000000000000e+00,0.000000000000000000e+00,0.000000000000000000e+00,0.000000000000000000e+00,0.000000000000000000e+00,0.000000000000000000e+00,0.000000000000000000e+00,0.000000000000000000e+00,0.000000000000000000e+00,0.000000000000000000e+00,0.000000000000000000e+00,0.000000000000000000e+00,0.000000000000000000e+00,0.000000000000000000e+00,0.000000000000000000e+00,0.000000000000000000e+00,0.000000000000000000e+00,0.000000000000000000e+00,0.000000000000000000e+00,0.000000000000000000e+00,0.000000000000000000e+00,0.000000000000000000e+00,0.000000000000000000e+00,3.860953237466359541e-05,0.000000000000000000e+00,0.000000000000000000e+00,0.000000000000000000e+00,0.000000000000000000e+00,0.000000000000000000e+00,0.000000000000000000e+00,0.000000000000000000e+00,0.000000000000000000e+00,0.000000000000000000e+00,1.138499749570617832e-05,9.098647597959124398e-05,0.000000000000000000e+00,0.000000000000000000e+00,0.000000000000000000e+00,1.590943462895733562e-04,8.317392352361887772e-05,1.994461501182231782e-04,1.120014251128715412e-04,1.595374733722594823e-04,1.369339876937052233e-04,1.720346964340102331e-04,5.109544803525871887e-05,1.882574685973272520e-04,7.715066428147665945e-05,1.135765493485826400e-04,4.210870684079710623e-05,1.279454625560925995e-04,2.825290860191628670e-05,7.797765484589357749e-05,0.000000000000000000e+00,7.208625892423802146e-05,0.000000000000000000e+00,1.287357854299726000e-04
0.000000000000000000e+00,0.000000000000000000e+00,0.000000000000000000e+00,0.000000000000000000e+00,2.878989864724051259e-05,5.755223352922841950e-05,8.354071942996166582e-05,8.199840393754470505e-05,5.668378261917570923e-05,5.448299857104098450e-05,0.000000000000000000e+00,4.582829440988708320e-05,1.220184153381411411e-04,3.973160720949458195e-05,9.648995438663202442e-05,6.556079216963888888e-05,1.622873146195036808e-04,1.193506009503065538e-04,1.322279726944250390e-04,1.685300465725574773e-05,1.002888419515129162e-04,9.911490309052942811e-05,1.060711467699762805e-04,1.119711322641127506e-04,9.719118883688776186e-05,3.140328202466221343e-05,9.082155412924595083e-05,0.000000000000000000e+00,0.000000000000000000e+00,0.000000000000000000e+00,0.000000000000000000e+00,0.000000000000000000e+00,3.305927078339589219e-05,1.009184087772211909e-04,6.490307776534631203e-05,7.917612396231330331e-05,6.086065742621041172e-05,1.642827344946994333e-04,1.523018559304998752e-04,3.149325617350323225e-06,0.000000000000000000e+00,0.000000000000000000e+00,0.000000000000000000e+00,0.000000000000000000e+00,0.000000000000000000e+00,0.000000000000000000e+00,0.000000000000000000e+00,0.000000000000000000e+00,0.000000000000000000e+00,0.000000000000000000e+00,0.000000000000000000e+00,0.000000000000000000e+00,0.000000000000000000e+00,0.000000000000000000e+00,0.000000000000000000e+00,0.000000000000000000e+00,0.000000000000000000e+00,0.000000000000000000e+00,0.000000000000000000e+00,0.000000000000000000e+00,0.000000000000000000e+00,0.000000000000000000e+00,0.000000000000000000e+00,0.000000000000000000e+00,0.000000000000000000e+00,0.000000000000000000e+00,0.000000000000000000e+00,0.000000000000000000e+00,0.000000000000000000e+00,0.000000000000000000e+00,0.000000000000000000e+00,0.000000000000000000e+00,0.000000000000000000e+00,0.000000000000000000e+00,0.000000000000000000e+00,0.000000000000000000e+00,0.000000000000000000e+00,0.000000000000000000e+00,0.000000000000000000e+00,0.000000000000000000e+00,0.000000000000000000e+00,0.000000000000000000e+00,0.000000000000000000e+00,0.000000000000000000e+00,0.000000000000000000e+00,0.000000000000000000e+00,0.000000000000000000e+00,0.000000000000000000e+00,0.000000000000000000e+00,5.244984347230300807e-05,9.462056783325959158e-05,4.370025931177373257e-05,8.480870004897770827e-05,1.161819161428361046e-04,0.000000000000000000e+00,1.070917929822882948e-04,3.248235200403068549e-05,2.143462224371408948e-05,3.849660443677425123e-05,8.851715749750275770e-05,6.986142676718345567e-05,2.055562915113006418e-05,0.000000000000000000e+00,4.729159140186577114e-05,5.728689436410140066e-05,5.656214689896642538e-05,1.903644693525867801e-05,3.935633628212933401e-05,0.000000000000000000e+00,4.247892647023245006e-05,8.683302448825154182e-05,8.336951047525376372e-05,6.536290185244588759e-05,1.239200513349045544e-04,8.576472177997633691e-05,9.981356453609555230e-05,1.186349354522934563e-04,8.858347577809488871e-05,1.558358835628024055e-04,1.249455424445073120e-04,6.570870875694527935e-05,8.811849510371785594e-05,6.776722354690222503e-05,0.000000000000000000e+00,0.000000000000000000e+00,6.751648716620317950e-05,0.000000000000000000e+00,1.943941188852704391e-04
0.000000000000000000e+00,0.000000000000000000e+00,0.000000000000000000e+00,0.000000000000000000e+00,3.411963364133323355e-05,5.532319276704720991e-05,3.568603973331293654e-05,1.307446115152295608e-04,1.374348993724688590e-04,1.086434298163601393e-04,1.175220023107665995e-04,6.984558526452479786e-05,6.027969339439750605e-05,2.715681852736145918e-05,6.117485749356402322e-05,3.286233020007495298e-06,2.063726394085819581e-05,6.835868836982259477e-05,6.751148745969776728e-05,3.434766248106658820e-05,8.701285714051810798e-05,7.752459847935981856e-05,1.511034774679423332e-04,8.428056171522228183e-05,1.189039315270769341e-04,3.993555162841719633e-05,5.712833396690512801e-05,0.000000000000000000e+00,0.000000000000000000e+00,0.000000000000000000e+00,0.000000000000000000e+00,0.000000000000000000e+00,0.000000000000000000e+00,0.000000000000000000e+00,0.000000000000000000e+00,0.000000000000000000e+00,0.000000000000000000e+00,0.000000000000000000e+00,0.000000000000000000e+00,0.000000000000000000e+00,0.000000000000000000e+00,0.000000000000000000e+00,0.000000000000000000e+00,0.000000000000000000e+00,0.000000000000000000e+00,0.000000000000000000e+00,0.000000000000000000e+00,0.000000000000000000e+00,0.000000000000000000e+00,0.000000000000000000e+00,0.000000000000000000e+00,0.000000000000000000e+00,0.000000000000000000e+00,0.000000000000000000e+00,0.000000000000000000e+00,0.000000000000000000e+00,0.000000000000000000e+00,0.000000000000000000e+00,0.000000000000000000e+00,0.000000000000000000e+00,0.000000000000000000e+00,0.000000000000000000e+00,0.000000000000000000e+00,0.000000000000000000e+00,0.000000000000000000e+00,0.000000000000000000e+00,0.000000000000000000e+00,0.000000000000000000e+00,0.000000000000000000e+00,0.000000000000000000e+00,0.000000000000000000e+00,0.000000000000000000e+00,0.000000000000000000e+00,0.000000000000000000e+00,0.000000000000000000e+00,1.703371775862561174e-04,1.946361443504395449e-04,1.376400613520134390e-04,9.761897219755688755e-05,1.650112698482639694e-04,1.299437893392050138e-04,1.067737606124218171e-04,2.019998584473404091e-04,3.456003426964345958e-04,8.173292690825100925e-05,6.572196695381607911e-05,0.000000000000000000e+00,0.000000000000000000e+00,7.845054611934420088e-05,1.308964088824566218e-04,0.000000000000000000e+00,7.784614523580507160e-05,1.503419721830238044e-05,5.097942234548310462e-05,0.000000000000000000e+00,3.397433736109839773e-05,1.390157105322744692e-05,1.789884397597982528e-05,0.000000000000000000e+00,1.977237207307028656e-04,6.574681908520609084e-05,1.314505899680301550e-04,5.885272957594495086e-05,8.459765262404159007e-05,8.848410553815419977e-05,1.124045246158352195e-04,0.000000000000000000e+00,0.000000000000000000e+00,0.000000000000000000e+00,5.829039967193455803e-05,0.000000000000000000e+00,4.346665917542946424e-05,1.394869742107064152e-05,1.968902383914851076e-05,1.302716981461607285e-04,9.329252082147657717e-05,2.111778431896686411e-05,1.737496015492228751e-04,8.916727389981878222e-05,1.333355744154540821e-04,4.966941082493751331e-05,1.784186275709732548e-04,3.119294681242286589e-05,1.055825617508214032e-04,0.000000000000000000e+00,8.917723890659007117e-05,0.000000000000000000e+00,1.532545372702891510e-04
0.000000000000000000e+00,0.000000000000000000e+00,0.000000000000000000e+00,0.000000000000000000e+00,0.000000000000000000e+00,0.000000000000000000e+00,8.133629552057633461e-05,4.681485878744719121e-05,1.186314781433491021e-04,6.084422540308843540e-05,2.011527505627880562e-05,3.808871832232939866e-05,1.376101599899307872e-04,1.240178690189602285e-04,8.336626500116845753e-05,5.835467363865027055e-05,1.197791084112624226e-04,8.156933703602679104e-05,1.575379077466300263e-04,5.719970274309521416e-05,-1.339930399842282866e-07,0.000000000000000000e+00,4.061619408360252063e-05,8.468833346719552041e-05,2.167573381663306364e-05,0.000000000000000000e+00,0.000000000000000000e+00,0.000000000000000000e+00,0.000000000000000000e+00,0.000000000000000000e+00,0.000000000000000000e+00,0.000000000000000000e+00,0.000000000000000000e+00,0.000000000000000000e+00,0.000000000000000000e+00,0.000000000000000000e+00,0.000000000000000000e+00,0.000000000000000000e+00,0.000000000000000000e+00,0.000000000000000000e+00,0.000000000000000000e+00,0.000000000000000000e+00,0.000000000000000000e+00,0.000000000000000000e+00,0.000000000000000000e+00,0.000000000000000000e+00,0.000000000000000000e+00,0.000000000000000000e+00,0.000000000000000000e+00,0.000000000000000000e+00,0.000000000000000000e+00,0.000000000000000000e+00,0.000000000000000000e+00,0.000000000000000000e+00,0.000000000000000000e+00,0.000000000000000000e+00,0.000000000000000000e+00,0.000000000000000000e+00,0.000000000000000000e+00,0.000000000000000000e+00,0.000000000000000000e+00,0.000000000000000000e+00,0.000000000000000000e+00,0.000000000000000000e+00,0.000000000000000000e+00,0.000000000000000000e+00,0.000000000000000000e+00,0.000000000000000000e+00,0.000000000000000000e+00,0.000000000000000000e+00,0.000000000000000000e+00,0.000000000000000000e+00,0.000000000000000000e+00,0.000000000000000000e+00,2.754476647721835022e-05,9.917708665785316432e-05,0.000000000000000000e+00,0.000000000000000000e+00,0.000000000000000000e+00,0.000000000000000000e+00,3.279843845075962636e-05,1.281861800677692033e-04,1.281173874855011982e-04,7.994608143881863020e-05,1.623795277587220442e-04,4.067501271610880764e-04,1.184949611172100370e-04,2.899554305065078953e-05,3.633364068497691308e-05,2.229607765065393728e-04,1.233618177446430778e-04,2.120921056204706976e-05,0.000000000000000000e+00,0.000000000000000000e+00,0.000000000000000000e+00,0.000000000000000000e+00,8.799732237579738729e-06,1.634991110151203290e-04,4.827997601936965763e-05,0.000000000000000000e+00,2.174800533763014779e-05,5.453340993936533896e-05,8.189359530418925475e-05,4.847538964982438849e-05,1.468914093046942639e-04,1.097434578098389847e-04,2.708302200161286414e-05,2.743660531991691523e-05,0.000000000000000000e+00,3.625632271974612208e-05,0.000000000000000000e+00,7.106452052524165274e-05,1.025078238437394435e-04,1.239880979478854585e-04,0.000000000000000000e+00,7.700907420099239033e-05,3.876105077929989037e-05,1.164999374385296450e-04,6.312702452008513414e-05,1.918755455725494738e-04,2.863205007605953330e-05,7.197591492971445711e-05,4.656484972252101405e-05,2.956501591534923770e-05,0.000000000000000000e+00,1.085926126583431214e-05,0.000000000000000000e+00,1.737975057463254371e-04
0.000000000000000000e+00,0.000000000000000000e+00,0.000000000000000000e+00,0.000000000000000000e+00,0.000000000000000000e+00,0.000000000000000000e+00,1.841323149389786419e-05,4.055400807553764629e-05,6.622991150438723329e-05,1.771207531325347825e-04,1.564395424496231677e-04,1.074489841349787967e-04,9.519783709618661498e-05,9.269718119457248597e-05,1.240327184015847426e-04,1.219388264960610406e-04,0.000000000000000000e+00,3.813786752125102053e-05,1.332375069059896652e-05,4.471317050507432373e-05,1.747207150339513202e-05,5.177531077486069130e-05,3.223183745183951372e-05,0.000000000000000000e+00,0.000000000000000000e+00,0.000000000000000000e+00,0.000000000000000000e+00,0.000000000000000000e+00,0.000000000000000000e+00,0.000000000000000000e+00,0.000000000000000000e+00,0.000000000000000000e+00,0.000000000000000000e+00,0.000000000000000000e+00,0.000000000000000000e+00,0.000000000000000000e+00,0.000000000000000000e+00,0.000000000000000000e+00,0.000000000000000000e+00,0.000000000000000000e+00,0.000000000000000000e+00,0.000000000000000000e+00,0.000000000000000000e+00,0.000000000000000000e+00,0.000000000000000000e+00,0.000000000000000000e+00,0.000000000000000000e+00,0.000000000000000000e+00,0.000000000000000000e+00,0.000000000000000000e+00,0.000000000000000000e+00,0.000000000000000000e+00,0.000000000000000000e+00,0.000000000000000000e+00,0.000000000000000000e+00,0.000000000000000000e+00,0.000000000000000000e+00,0.000000000000000000e+00,0.000000000000000000e+00,0.000000000000000000e+00,0.000000000000000000e+00,0.000000000000000000e+00,0.000000000000000000e+00,0.000000000000000000e+00,0.000000000000000000e+00,0.000000000000000000e+00,0.000000000000000000e+00,0.000000000000000000e+00,0.000000000000000000e+00,0.000000000000000000e+00,0.000000000000000000e+00,2.191768457489770878e-05,1.114639469978246538e-04,1.117041511269364586e-04,0.000000000000000000e+00,0.000000000000000000e+00,0.000000000000000000e+00,0.000000000000000000e+00,0.000000000000000000e+00,0.000000000000000000e+00,0.000000000000000000e+00,0.000000000000000000e+00,7.304862005901579267e-05,1.784716157232987149e-04,1.087264586458663103e-04,1.355430732383454688e-04,9.831738431966684396e-05,1.517789918713275668e-04,2.012677431300930072e-04,0.000000000000000000e+00,0.000000000000000000e+00,0.000000000000000000e+00,5.330807919077436906e-06,6.295939852603894295e-05,0.000000000000000000e+00,1.339118825948163699e-05,0.000000000000000000e+00,2.252603698446378812e-05,1.951460061135800789e-05,2.026316849807517173e-05,6.290712452511754047e-06,1.132123617617023810e-04,0.000000000000000000e+00,1.224338958572008661e-04,3.099747172157627835e-05,2.343229814828080826e-04,1.029354129748582793e-04,7.305528024136270439e-06,0.000000000000000000e+00,9.530654857207995832e-05,8.110209257642272105e-05,6.710116786556795626e-05,1.813915254843363680e-04,2.138709856377248362e-05,8.794410525633574870e-05,5.033045056387416155e-05,0.000000000000000000e+00,6.175918030839090147e-05,1.007399665950615449e-04,6.023660285795176848e-05,1.424775607013036222e-04,6.661530684412257804e-05,1.201261701271631792e-04,2.174411687411605105e-05,0.000000000000000000e+00,1.022685230667549254e-04,2.887679528013883468e-06,1.209133081316960881e-04
0.000000000000000000e+00,0.000000000000000000e+00,0.000000000000000000e+00,0.000000000000000000e+00,0.000000000000000000e+00,0.000000000000000000e+00,0.000000000000000000e+00,0.000000000000000000e+00,1.147736777128299676e-04,1.126435777916712775e-04,1.129854997219266027e-04,1.240174015459622272e-04,1.085564143614386432e-04,1.135893825223182907e-04,1.644968346199775461e-04,6.918694984209779512e-05,6.169528180697146018e-05,1.265987343301981400e-04,1.317625435407195707e-04,3.094299352404943098e-05,1.121915454701092907e-04,0.000000000000000000e+00,0.000000000000000000e+00,0.000000000000000000e+00,0.000000000000000000e+00,0.000000000000000000e+00,0.000000000000000000e+00,0.000000000000000000e+00,0.000000000000000000e+00,0.000000000000000000e+00,0.000000000000000000e+00,0.000000000000000000e+00,0.000000000000000000e+00,0.000000000000000000e+00,0.000000000000000000e+00,0.000000000000000000e+00,0.000000000000000000e+00,0.000000000000000000e+00,0.000000000000000000e+00,0.000000000000000000e+00,0.000000000000000000e+00,0.000000000000000000e+00,0.000000000000000000e+00,0.000000000000000000e+00,0.000000000000000000e+00,0.000000000000000000e+00,0.000000000000000000e+00,0.000000000000000000e+00,0.000000000000000000e+00,0.000000000000000000e+00,0.000000000000000000e+00,0.000000000000000000e+00,0.000000000000000000e+00,0.000000000000000000e+00,0.000000000000000000e+00,0.000000000000000000e+00,0.000000000000000000e+00,0.000000000000000000e+00,0.000000000000000000e+00,0.000000000000000000e+00,0.000000000000000000e+00,0.000000000000000000e+00,0.000000000000000000e+00,0.000000000000000000e+00,0.000000000000000000e+00,3.473562206809776957e-05,0.000000000000000000e+00,1.269969693070646959e-04,4.866171163392633435e-06,1.968959320234523575e-04,1.018968365943657110e-04,1.396297776602984080e-04,2.080865212815017013e-04,6.367120550151319342e-05,7.567935172716016537e-05,1.779943163203771898e-05,0.000000000000000000e+00,0.000000000000000000e+00,0.000000000000000000e+00,0.000000000000000000e+00,0.000000000000000000e+00,0.000000000000000000e+00,0.000000000000000000e+00,0.000000000000000000e+00,1.444110513272908844e-04,9.691030466776396398e-05,7.365441907230606906e-05,2.057509598355399471e-04,0.000000000000000000e+00,0.000000000000000000e+00,0.000000000000000000e+00,3.758477651616489069e-05,4.434924091429234715e-06,0.000000000000000000e+00,0.000000000000000000e+00,0.000000000000000000e+00,0.000000000000000000e+00,4.319490532352189885e-05,3.262321352530358793e-05,4.421295954103948922e-05,1.691955836975241750e-05,0.000000000000000000e+00,0.000000000000000000e+00,0.000000000000000000e+00,0.000000000000000000e+00,5.143350926772512503e-05,9.661721175300671724e-05,2.396778052045098146e-05,0.000000000000000000e+00,2.375332868815004930e-05,1.922781911364096420e-04,1.060235131471713726e-04,0.000000000000000000e+00,1.669055416362311888e-04,2.387119368244372243e-05,1.267056082639155955e-04,0.000000000000000000e+00,6.373621184899456527e-05,2.627002291133726718e-05,1.938954082723907751e-04,7.713795097922995087e-05,1.636811225879919701e-04,0.000000000000000000e+00,1.647577521813814927e-04,0.000000000000000000e+00,1.359182325595630330e-04,0.000000000000000000e+00,1.923706965055587434e-04
0.000000000000000000e+00,0.000000000000000000e+00,0.000000000000000000e+00,0.000000000000000000e+00,0.000000000000000000e+00,0.000000000000000000e+00,0.000000000000000000e+00,0.000000000000000000e+00,5.130639067221989547e-05,1.252793464877624498e-04,2.334213468380583959e-04,2.261217748966595331e-04,1.986397376109841394e-04,1.152027267567401958e-04,1.745365672415445180e-04,2.614420847419187451e-04,7.639534361582706555e-05,6.996567714207971116e-05,9.517544359834879139e-05,1.865677985961741931e-04,0.000000000000000000e+00,0.000000000000000000e+00,0.000000000000000000e+00,0.000000000000000000e+00,0.000000000000000000e+00,0.000000000000000000e+00,0.000000000000000000e+00,0.000000000000000000e+00,0.000000000000000000e+00,0.000000000000000000e+00,0.000000000000000000e+00,0.000000000000000000e+00,0.000000000000000000e+00,0.000000000000000000e+00,0.000000000000000000e+00,0.000000000000000000e+00,0.000000000000000000e+00,0.000000000000000000e+00,0.000000000000000000e+00,0.000000000000000000e+00,0.000000000000000000e+00,0.000000000000000000e+00,0.000000000000000000e+00,0.000000000000000000e+00,0.000000000000000000e+00,0.000000000000000000e+00,0.000000000000000000e+00,0.000000000000000000e+00,0.000000000000000000e+00,0.000000000000000000e+00,0.000000000000000000e+00,0.000000000000000000e+00,0.000000000000000000e+00,0.000000000000000000e+00,0.000000000000000000e+00,0.000000000000000000e+00,0.000000000000000000e+00,0.000000000000000000e+00,0.000000000000000000e+00,0.000000000000000000e+00,9.297425935957021905e-05,3.226208747104815887e-04,3.935135028643222972e-04,4.582812157301854503e-04,2.815381626490602498e-04,4.543755110015435146e-04,3.555110102203866895e-04,3.464235712496691229e-05,0.000000000000000000e+00,0.000000000000000000e+00,0.000000000000000000e+00,0.000000000000000000e+00,5.379246812563250561e-05,1.922377230138618573e-04,1.424405428924645429e-04,2.881729600349171826e-04,2.233735828122128419e-04,1.580447997645642328e-04,0.000000000000000000e+00,0.000000000000000000e+00,0.000000000000000000e+00,0.000000000000000000e+00,0.000000000000000000e+00,0.000000000000000000e+00,0.000000000000000000e+00,0.000000000000000000e+00,0.000000000000000000e+00,1.327681322380394850e-05,0.000000000000000000e+00,0.000000000000000000e+00,1.163790578808769822e-06,0.000000000000000000e+00,0.000000000000000000e+00,0.000000000000000000e+00,0.000000000000000000e+00,0.000000000000000000e+00,3.283187652472522689e-06,2.561971893246210578e-05,0.000000000000000000e+00,0.000000000000000000e+00,1.522458494511981262e-05,0.000000000000000000e+00,0.000000000000000000e+00,0.000000000000000000e+00,0.000000000000000000e+00,6.327067549723085975e-05,1.157563392438670959e-04,1.199791346384461281e-04,9.599585996807898482e-05,1.300397234356672263e-04,1.087333330597457212e-05,1.616152902311971111e-04,1.048320124940757832e-05,1.428694575564618528e-04,8.748169107099498299e-05,5.949428092341589412e-05,0.000000000000000000e+00,6.706969339484793213e-05,2.280359798574159712e-05,1.407121094654198868e-04,3.804028379234264802e-05,1.593375823548533687e-04,2.385504665871578513e-05,8.232673641395779238e-05,3.278124801891602969e-05,1.548980602725447337e-04,1.025231786291042052e-04,1.416869285347163449e-04
0.000000000000000000e+00,0.000000000000000000e+00,0.000000000000000000e+00,0.000000000000000000e+00,0.000000000000000000e+00,0.000000000000000000e+00,0.000000000000000000e+00,0.000000000000000000e+00,3.398259958643533226e-05,7.248373682452854602e-05,9.682206309603180608e-05,1.440421432366732963e-04,8.175287328217297411e-05,1.811107885568841841e-04,3.787591271395215908e-05,9.574117477233971135e-05,8.763241107910745779e-05,1.300170836072682293e-04,0.000000000000000000e+00,0.000000000000000000e+00,0.000000000000000000e+00,0.000000000000000000e+00,0.000000000000000000e+00,0.000000000000000000e+00,0.000000000000000000e+00,0.000000000000000000e+00,0.000000000000000000e+00,0.000000000000000000e+00,0.000000000000000000e+00,0.000000000000000000e+00,0.000000000000000000e+00,0.000000000000000000e+00,0.000000000000000000e+00,0.000000000000000000e+00,0.000000000000000000e+00,0.000000000000000000e+00,0.000000000000000000e+00,0.000000000000000000e+00,0.000000000000000000e+00,0.000000000000000000e+00,0.000000000000000000e+00,0.000000000000000000e+00,0.000000000000000000e+00,0.000000000000000000e+00,0.000000000000000000e+00,0.000000000000000000e+00,0.000000000000000000e+00,0.000000000000000000e+00,0.000000000000000000e+00,0.000000000000000000e+00,0.000000000000000000e+00,0.000000000000000000e+00,0.000000000000000000e+00,0.000000000000000000e+00,0.000000000000000000e+00,0.000000000000000000e+00,0.000000000000000000e+00,2.511246560432132740e-04,1.217925320814735148e-03,1.237804515348748223e-04,2.704266870241618334e-04,3.388439506701053762e-04,3.276723893966123290e-04,2.044651980370151194e-04,2.698819619509095261e-04,1.612644420208274581e-04,1.925638522781802464e-04,0.000000000000000000e+00,0.000000000000000000e+00,0.000000000000000000e+00,0.000000000000000000e+00,2.965826879876378754e-04,1.183213011250807160e-04,3.746942439045356887e-04,2.197345970881888356e-04,3.260429793685871167e-04,1.906822659927046569e-04,3.416225213394045654e-04,2.819936116691025975e-04,2.656644704574001245e-04,0.000000000000000000e+00,0.000000000000000000e+00,0.000000000000000000e+00,0.000000000000000000e+00,0.000000000000000000e+00,0.000000000000000000e+00,2.014746436426738158e-04,1.586211728649864427e-04,7.894340387254304052e-05,0.000000000000000000e+00,0.000000000000000000e+00,0.000000000000000000e+00,0.000000000000000000e+00,0.000000000000000000e+00,0.000000000000000000e+00,0.000000000000000000e+00,0.000000000000000000e+00,0.000000000000000000e+00,0.000000000000000000e+00,0.000000000000000000e+00,0.000000000000000000e+00,0.000000000000000000e+00,0.000000000000000000e+00,0.000000000000000000e+00,0.000000000000000000e+00,0.000000000000000000e+00,0.000000000000000000e+00,9.956414200396941587e-06,2.558358480887535275e-05,4.803172239837034539e-05,0.000000000000000000e+00,1.025085574922561234e-04,1.246614150111592862e-04,1.054409904747900020e-04,3.383669270259042342e-05,2.262349689009741168e-04,1.279572617785526498e-05,5.923329870867391212e-05,3.745585827460894894e-05,1.272291673408282851e-04,0.000000000000000000e+00,1.876457232349939576e-04,6.613054788522525803e-05,1.534026650339241626e-04,3.916230939387638595e-05,1.395454425397570433e-04,5.916593441984626138e-05,2.606284164320762670e-04
0.000000000000000000e+00,0.000000000000000000e+00,0.000000000000000000e+00,0.000000000000000000e+00,0.000000000000000000e+00,0.000000000000000000e+00,0.000000000000000000e+00,0.000000000000000000e+00,0.000000000000000000e+00,5.380322924426362706e-05,5.785432006738961677e-05,2.032243712949675137e-04,9.410203093360329572e-05,6.863797622884056386e-05,1.121379979149940339e-04,9.904585664396249644e-05,4.051758407550709465e-05,0.000000000000000000e+00,0.000000000000000000e+00,0.000000000000000000e+00,0.000000000000000000e+00,0.000000000000000000e+00,0.000000000000000000e+00,0.000000000000000000e+00,0.000000000000000000e+00,0.000000000000000000e+00,0.000000000000000000e+00,0.000000000000000000e+00,0.000000000000000000e+00,0.000000000000000000e+00,0.000000000000000000e+00,0.000000000000000000e+00,0.000000000000000000e+00,0.000000000000000000e+00,0.000000000000000000e+00,0.000000000000000000e+00,0.000000000000000000e+00,0.000000000000000000e+00,0.000000000000000000e+00,0.000000000000000000e+00,0.000000000000000000e+00,0.000000000000000000e+00,0.000000000000000000e+00,0.000000000000000000e+00,0.000000000000000000e+00,0.000000000000000000e+00,0.000000000000000000e+00,0.000000000000000000e+00,0.000000000000000000e+00,0.000000000000000000e+00,0.000000000000000000e+00,2.625303357504195681e-04,3.188246846335190889e-04,1.978366504775079927e-04,1.524692284141640952e-04,1.606899995889292539e-04,4.459526940735612679e-05,4.182771945004514912e-04,5.852622113568948983e-04,1.545635015277244649e-04,3.013478933967409586e-04,3.196990975500058909e-04,2.460291803971847513e-04,3.724174211872476178e-04,2.655307190781039058e-04,3.503058299494214993e-04,3.486289978100806783e-04,3.702585304865167932e-04,5.432556330602719069e-06,0.000000000000000000e+00,0.000000000000000000e+00,7.789614146511529840e-05,1.165913769996515173e-04,9.261261424285975510e-05,1.724215037447626405e-04,3.019810048308772289e-04,3.435720250045804880e-04,5.434406194367447372e-05,4.667481708254917296e-04,3.278979061832310005e-04,2.851145549429554612e-04,0.000000000000000000e+00,0.000000000000000000e+00,0.000000000000000000e+00,0.000000000000000000e+00,0.000000000000000000e+00,0.000000000000000000e+00,1.864478668709378716e-05,0.000000000000000000e+00,0.000000000000000000e+00,0.000000000000000000e+00,0.000000000000000000e+00,0.000000000000000000e+00,0.000000000000000000e+00,0.000000000000000000e+00,0.000000000000000000e+00,0.000000000000000000e+00,0.000000000000000000e+00,9.297900109443058188e-06,0.000000000000000000e+00,0.000000000000000000e+00,0.000000000000000000e+00,0.000000000000000000e+00,0.000000000000000000e+00,0.000000000000000000e+00,0.000000000000000000e+00,0.000000000000000000e+00,0.000000000000000000e+00,1.116642459957360224e-04,3.226711946134589348e-05,8.687264320196929723e-05,0.000000000000000000e+00,5.882637126560148234e-05,2.005914148908581509e-04,5.869684196583447043e-05,4.621681109290777561e-05,2.396958062970800345e-05,1.117980234175916938e-04,4.527013204857790839e-05,7.127470831305401152e-05,0.000000000000000000e+00,8.426769979926321318e-05,4.902713405097347706e-05,1.062136825818576889e-04,3.212222331452868173e-05,1.437501208940126531e-04,1.040530827641764137e-04,1.834191617811918096e-04
0.000000000000000000e+00,0.000000000000000000e+00,0.000000000000000000e+00,0.000000000000000000e+00,0.000000000000000000e+00,0.000000000000000000e+00,0.000000000000000000e+00,0.000000000000000000e+00,0.000000000000000000e+00,2.064691914483230944e-05,4.355944556413835411e-05,2.836497971087440290e-05,4.462208155672777544e-05,3.887281116095584507e-05,5.650731031023472186e-05,0.000000000000000000e+00,0.000000000000000000e+00,0.000000000000000000e+00,0.000000000000000000e+00,0.000000000000000000e+00,0.000000000000000000e+00,0.000000000000000000e+00,0.000000000000000000e+00,0.000000000000000000e+00,0.000000000000000000e+00,0.000000000000000000e+00,0.000000000000000000e+00,0.000000000000000000e+00,0.000000000000000000e+00,0.000000000000000000e+00,0.000000000000000000e+00,0.000000000000000000e+00,0.000000000000000000e+00,0.000000000000000000e+00,0.000000000000000000e+00,0.000000000000000000e+00,0.000000000000000000e+00,0.000000000000000000e+00,0.000000000000000000e+00,0.000000000000000000e+00,0.000000000000000000e+00,0.000000000000000000e+00,0.000000000000000000e+00,0.000000000000000000e+00,0.000000000000000000e+00,0.000000000000000000e+00,0.000000000000000000e+00,0.000000000000000000e+00,0.000000000000000000e+00,1.767975997299277692e-04,3.663440653728460808e-04,1.611963543234265625e-04,3.320763660499808506e-04,5.107101704096859767e-04,3.824448822169260989e-04,1.941741109963585901e-04,2.757304559882740131e-04,0.000000000000000000e+00,0.000000000000000000e+00,4.825266553379714513e-05,1.781010926926014052e-04,4.511302706554474345e-04,2.040326443840847072e-04,2.220985778078479549e-04,3.758814173131115317e-04,3.720232536688306501e-04,3.942821184190717799e-04,2.628561191720289671e-04,5.656708970055268192e-04,1.516443314870901239e-04,4.611823433927762539e-05,1.375529468001054803e-04,1.424854085279410787e-04,2.857847533754914130e-04,2.377313712153274433e-04,1.124545103810881591e-04,2.438467542872213697e-04,1.949847739773637146e-04,2.361522755284006304e-04,3.204604651779129044e-04,6.203564245813483996e-05,2.068273435137893575e-04,3.062078464759570001e-04,8.802307042341789138e-05,9.141408095845342781e-06,0.000000000000000000e+00,0.000000000000000000e+00,0.000000000000000000e+00,3.869771486677572549e-05,0.000000000000000000e+00,0.000000000000000000e+00,0.000000000000000000e+00,0.000000000000000000e+00,0.000000000000000000e+00,0.000000000000000000e+00,0.000000000000000000e+00,0.000000000000000000e+00,1.221329765354373412e-04,0.000000000000000000e+00,0.000000000000000000e+00,0.000000000000000000e+00,0.000000000000000000e+00,0.000000000000000000e+00,0.000000000000000000e+00,0.000000000000000000e+00,0.000000000000000000e+00,0.000000000000000000e+00,0.000000000000000000e+00,0.000000000000000000e+00,8.787992408709019052e-05,0.000000000000000000e+00,1.507643007294150932e-04,2.771620624788715708e-05,9.781726894979067663e-05,1.017255668007982240e-04,2.066825990561041177e-04,7.625037988133566761e-05,1.133825817022298077e-04,0.000000000000000000e+00,4.199249091221642956e-05,5.666367067345572567e-05,9.463558565260719803e-05,0.000000000000000000e+00,1.259270052135162124e-04,1.386540452276078909e-04,7.624078461301129627e-05,1.519716709223989490e-04,2.514099176840273110e-04
0.000000000000000000e+00,0.000000000000000000e+00,0.000000000000000000e+00,0.000000000000000000e+00,0.000000000000000000e+00,0.000000000000000000e+00,0.000000000000000000e+00,0.000000000000000000e+00,0.000000000000000000e+00,0.000000000000000000e+00,0.000000000000000000e+00,4.293417275643565483e-05,7.154061331176905640e-05,0.000000000000000000e+00,0.000000000000000000e+00,0.000000000000000000e+00,0.000000000000000000e+00,0.000000000000000000e+00,0.000000000000000000e+00,0.000000000000000000e+00,0.000000000000000000e+00,0.000000000000000000e+00,0.000000000000000000e+00,0.000000000000000000e+00,0.000000000000000000e+00,0.000000000000000000e+00,0.000000000000000000e+00,0.000000000000000000e+00,0.000000000000000000e+00,0.000000000000000000e+00,0.000000000000000000e+00,0.000000000000000000e+00,0.000000000000000000e+00,0.000000000000000000e+00,0.000000000000000000e+00,0.000000000000000000e+00,0.000000000000000000e+00,0.000000000000000000e+00,0.000000000000000000e+00,0.000000000000000000e+00,0.000000000000000000e+00,0.000000000000000000e+00,0.000000000000000000e+00,0.000000000000000000e+00,0.000000000000000000e+00,0.000000000000000000e+00,0.000000000000000000e+00,0.000000000000000000e+00,3.124886721298889437e-04,1.056787505691285508e-04,0.000000000000000000e+00,5.660206767575442290e-05,3.573261881116361724e-04,1.409042013478033575e-04,4.171383417747473411e-04,2.755315381661381470e-04,3.297342228266740886e-04,2.507507633095658870e-04,2.274629831912555137e-04,1.774740689826340059e-04,3.339771537423947282e-05,1.078222443309766464e-04,1.179927481944721348e-04,2.462364612604265473e-04,2.540705525660374802e-04,3.594431212652985101e-04,4.231886231975698440e-04,2.462680452786108923e-04,4.160427163508336173e-04,7.523366270473292499e-04,7.643116957835559278e-04,1.530231820103151194e-04,3.623506623287202962e-04,5.061100154526370043e-05,1.627752646719574252e-05,0.000000000000000000e+00,1.892744367216781529e-04,3.034044407601966755e-05,1.038878934196942809e-04,3.090287012771743345e-04,1.527931164533746387e-04,2.203964394833045207e-04,4.503156475550980993e-04,5.959756600135373119e-04,5.103234914470589913e-05,0.000000000000000000e+00,0.000000000000000000e+00,5.900917437794018502e-05,0.000000000000000000e+00,0.000000000000000000e+00,0.000000000000000000e+00,0.000000000000000000e+00,0.000000000000000000e+00,0.000000000000000000e+00,0.000000000000000000e+00,0.000000000000000000e+00,0.000000000000000000e+00,0.000000000000000000e+00,0.000000000000000000e+00,0.000000000000000000e+00,0.000000000000000000e+00,0.000000000000000000e+00,0.000000000000000000e+00,0.000000000000000000e+00,0.000000000000000000e+00,0.000000000000000000e+00,0.000000000000000000e+00,0.000000000000000000e+00,0.000000000000000000e+00,8.867524896365584406e-05,1.621640121056779860e-05,0.000000000000000000e+00,0.000000000000000000e+00,7.682806465427694464e-05,0.000000000000000000e+00,5.297231678621427210e-05,4.243937131831273146e-05,2.200835985402190020e-04,0.000000000000000000e+00,7.190974783474614709e-05,0.000000000000000000e+00,3.086886711078773692e-05,1.319915662067912819e-04,3.300094332987974811e-05,0.000000000000000000e+00,7.675960160902013023e-05,1.410412230625922487e-04,2.094817272263899697e-04
0.000000000000000000e+00,0.000000000000000000e+00,0.000000000000000000e+00,0.000000000000000000e+00,0.000000000000000000e+00,0.000000000000000000e+00,0.000000000000000000e+00,0.000000000000000000e+00,0.000000000000000000e+00,0.000000000000000000e+00,0.000000000000000000e+00,0.000000000000000000e+00,0.000000000000000000e+00,0.000000000000000000e+00,0.000000000000000000e+00,0.000000000000000000e+00,0.000000000000000000e+00,0.000000000000000000e+00,0.000000000000000000e+00,0.000000000000000000e+00,0.000000000000000000e+00,0.000000000000000000e+00,0.000000000000000000e+00,0.000000000000000000e+00,0.000000000000000000e+00,0.000000000000000000e+00,0.000000000000000000e+00,0.000000000000000000e+00,0.000000000000000000e+00,0.000000000000000000e+00,0.000000000000000000e+00,0.000000000000000000e+00,0.000000000000000000e+00,0.000000000000000000e+00,0.000000000000000000e+00,0.000000000000000000e+00,0.000000000000000000e+00,0.000000000000000000e+00,0.000000000000000000e+00,0.000000000000000000e+00,0.000000000000000000e+00,0.000000000000000000e+00,0.000000000000000000e+00,0.000000000000000000e+00,0.000000000000000000e+00,0.000000000000000000e+00,1.646176548525057849e-04,2.035127896111623563e-04,6.454537292350308558e-05,1.880157878910451664e-04,2.941166768262359812e-04,5.652821278331071229e-04,2.878302910199743276e-04,2.086894772195921246e-04,2.310128344901488876e-04,7.588024117188688945e-04,0.000000000000000000e+00,1.952112677846560337e-04,0.000000000000000000e+00,0.000000000000000000e+00,0.000000000000000000e+00,0.000000000000000000e+00,0.000000000000000000e+00,0.000000000000000000e+00,1.816384300419682609e-04,2.230059236087195585e-04,2.303601713641464347e-04,3.898282201004143435e-04,2.190301498868478015e-04,4.998502504928566343e-04,3.861145123213114696e-04,1.593208681198202375e-04,0.000000000000000000e+00,4.823449877989577578e-05,2.242461130136994669e-04,4.984720693385075722e-05,1.610975376085456998e-04,2.645177093431133565e-04,1.437043141192610165e-04,0.000000000000000000e+00,3.017089120451667446e-04,7.917208070691523830e-05,1.328932439381032000e-04,8.484756270033258702e-05,6.286529443898747306e-04,2.217375581763764250e-05,2.460840208817172375e-04,6.572956588559897458e-04,0.000000000000000000e+00,0.000000000000000000e+00,0.000000000000000000e+00,0.000000000000000000e+00,0.000000000000000000e+00,0.000000000000000000e+00,0.000000000000000000e+00,0.000000000000000000e+00,0.000000000000000000e+00,0.000000000000000000e+00,0.000000000000000000e+00,0.000000000000000000e+00,0.000000000000000000e+00,0.000000000000000000e+00,0.000000000000000000e+00,0.000000000000000000e+00,0.000000000000000000e+00,0.000000000000000000e+00,0.000000000000000000e+00,0.000000000000000000e+00,0.000000000000000000e+00,8.771804727178295351e-05,5.888613263406788440e-05,9.496310727768448283e-06,0.000000000000000000e+00,9.305619803270263402e-05,7.672089923569188783e-05,1.563743272761107842e-04,1.005106892508338145e-04,1.621391585323388954e-04,9.459549904609283245e-05,7.999063488851812650e-05,1.149410765884710485e-04,4.442343354656130003e-05,1.076824980574805289e-04,0.000000000000000000e+00,3.868022658496979695e-05,8.118032585104283615e-05,1.488314501661401352e-04,3.008162069736073892e-04
0.000000000000000000e+00,0.000000000000000000e+00,0.000000000000000000e+00,0.000000000000000000e+00,0.000000000000000000e+00,0.000000000000000000e+00,0.000000000000000000e+00,0.000000000000000000e+00,0.000000000000000000e+00,0.000000000000000000e+00,0.000000000000000000e+00,0.000000000000000000e+00,0.000000000000000000e+00,0.000000000000000000e+00,0.000000000000000000e+00,0.000000000000000000e+00,0.000000000000000000e+00,0.000000000000000000e+00,0.000000000000000000e+00,0.000000000000000000e+00,0.000000000000000000e+00,0.000000000000000000e+00,0.000000000000000000e+00,0.000000000000000000e+00,0.000000000000000000e+00,0.000000000000000000e+00,0.000000000000000000e+00,0.000000000000000000e+00,0.000000000000000000e+00,0.000000000000000000e+00,0.000000000000000000e+00,0.000000000000000000e+00,0.000000000000000000e+00,0.000000000000000000e+00,0.000000000000000000e+00,0.000000000000000000e+00,0.000000000000000000e+00,0.000000000000000000e+00,0.000000000000000000e+00,0.000000000000000000e+00,0.000000000000000000e+00,0.000000000000000000e+00,0.000000000000000000e+00,0.000000000000000000e+00,0.000000000000000000e+00,4.933034503535614667e-04,1.232279956389507923e-04,3.722556961227026055e-04,4.239590631421519457e-04,2.977786628256534748e-04,3.285388408215067307e-04,4.064807145830514473e-04,2.473875045928906999e-04,9.707051959357055238e-05,6.328579396607013699e-05,4.904271204138175064e-05,0.000000000000000000e+00,1.291173963461169142e-04,2.854006666765177003e-04,1.645361969392777771e-04,0.000000000000000000e+00,0.000000000000000000e+00,0.000000000000000000e+00,0.000000000000000000e+00,0.000000000000000000e+00,3.103780976577895584e-04,1.230563816363986938e-04,4.559327735768922522e-04,3.488553738861169110e-04,0.000000000000000000e+00,3.399039188351179238e-04,2.324708848995136654e-04,0.000000000000000000e+00,0.000000000000000000e+00,0.000000000000000000e+00,0.000000000000000000e+00,0.000000000000000000e+00,0.000000000000000000e+00,2.204772237501242060e-04,0.000000000000000000e+00,0.000000000000000000e+00,3.143808220832689331e-06,2.274852319318033608e-04,6.937305767361299233e-04,3.408202481089514947e-04,3.977071962326656071e-04,2.964781737919908113e-04,3.254375683231841218e-04,0.000000000000000000e+00,2.079570511254906831e-04,0.000000000000000000e+00,0.000000000000000000e+00,0.000000000000000000e+00,0.000000000000000000e+00,0.000000000000000000e+00,0.000000000000000000e+00,0.000000000000000000e+00,0.000000000000000000e+00,0.000000000000000000e+00,0.000000000000000000e+00,0.000000000000000000e+00,0.000000000000000000e+00,0.000000000000000000e+00,0.000000000000000000e+00,0.000000000000000000e+00,0.000000000000000000e+00,0.000000000000000000e+00,0.000000000000000000e+00,0.000000000000000000e+00,4.228463868698662307e-05,2.739606065085916197e-05,6.588578177864982933e-05,0.000000000000000000e+00,1.352411249209644706e-04,1.417294031917350084e-05,1.206940746876758845e-05,0.000000000000000000e+00,7.445756134873040676e-05,6.492633392028602927e-05,9.767016792016181643e-05,6.848816306546688995e-05,8.612484096428337649e-05,5.725406532304312169e-05,6.574722843141959211e-05,0.000000000000000000e+00,1.153497989882551787e-04,7.209207970659058475e-05,2.875733776219341624e-04
0.000000000000000000e+00,0.000000000000000000e+00,0.000000000000000000e+00,0.000000000000000000e+00,0.000000000000000000e+00,0.000000000000000000e+00,0.000000000000000000e+00,0.000000000000000000e+00,4.149796317159221251e-05,0.000000000000000000e+00,0.000000000000000000e+00,0.000000000000000000e+00,0.000000000000000000e+00,0.000000000000000000e+00,0.000000000000000000e+00,0.000000000000000000e+00,0.000000000000000000e+00,0.000000000000000000e+00,0.000000000000000000e+00,0.000000000000000000e+00,0.000000000000000000e+00,0.000000000000000000e+00,0.000000000000000000e+00,0.000000000000000000e+00,0.000000000000000000e+00,0.000000000000000000e+00,0.000000000000000000e+00,0.000000000000000000e+00,0.000000000000000000e+00,0.000000000000000000e+00,0.000000000000000000e+00,0.000000000000000000e+00,0.000000000000000000e+00,0.000000000000000000e+00,0.000000000000000000e+00,0.000000000000000000e+00,0.000000000000000000e+00,0.000000000000000000e+00,0.000000000000000000e+00,0.000000000000000000e+00,0.000000000000000000e+00,0.000000000000000000e+00,0.000000000000000000e+00,4.073942674999336041e-04,1.860640516691628712e-04,1.615351857320444404e-04,3.250370094301376859e-04,1.176641882064113697e-04,1.834701121560073988e-05,2.509348919208521911e-04,4.101444595147701292e-04,4.481474309180230294e-04,2.392250426085635966e-04,2.811091724898196568e-05,0.000000000000000000e+00,0.000000000000000000e+00,0.000000000000000000e+00,0.000000000000000000e+00,4.557357531607941206e-04,2.871692937713863009e-05,0.000000000000000000e+00,0.000000000000000000e+00,0.000000000000000000e+00,0.000000000000000000e+00,0.000000000000000000e+00,0.000000000000000000e+00,3.930605920449823558e-04,2.177133709303395791e-04,6.493530430102166734e-04,2.472182249734161479e-04,9.443734481663767642e-05,2.702275239363042267e-04,2.273364278965961870e-04,2.580082840369562683e-05,0.000000000000000000e+00,0.000000000000000000e+00,0.000000000000000000e+00,0.000000000000000000e+00,0.000000000000000000e+00,1.380319141867891969e-04,1.005890927263645323e-04,4.584386857031478039e-05,3.540071605275499597e-06,0.000000000000000000e+00,2.692787995347051180e-04,3.606188048718698318e-04,1.238079567991163925e-04,6.578584863599073876e-05,1.114213249712832436e-04,0.000000000000000000e+00,0.000000000000000000e+00,0.000000000000000000e+00,0.000000000000000000e+00,0.000000000000000000e+00,0.000000000000000000e+00,0.000000000000000000e+00,0.000000000000000000e+00,0.000000000000000000e+00,0.000000000000000000e+00,0.000000000000000000e+00,0.000000000000000000e+00,0.000000000000000000e+00,0.000000000000000000e+00,0.000000000000000000e+00,0.000000000000000000e+00,0.000000000000000000e+00,0.000000000000000000e+00,0.000000000000000000e+00,0.000000000000000000e+00,1.093055540217781183e-04,6.810942657432673248e-05,1.973471690841745109e-04,1.690844919166681145e-05,1.081575795779251236e-04,4.220876870249943349e-05,1.027613173483594246e-04,2.369344559457546744e-05,1.097334530822538046e-04,8.756177389149595494e-05,8.317565100647633582e-05,1.607966169539055219e-04,8.196762800823385918e-05,4.640685497782832448e-05,0.000000000000000000e+00,0.000000000000000000e+00,2.557035356347338068e-05,6.714477703541977876e-05,1.664854833614127605e-04
0.000000000000000000e+00,0.000000000000000000e+00,0.000000000000000000e+00,0.000000000000000000e+00,0.000000000000000000e+00,0.000000000000000000e+00,3.355948697232849214e-06,1.271318791709646532e-04,0.000000000000000000e+00,7.387503206448139701e-06,0.000000000000000000e+00,0.000000000000000000e+00,0.000000000000000000e+00,0.000000000000000000e+00,0.000000000000000000e+00,0.000000000000000000e+00,0.000000000000000000e+00,0.000000000000000000e+00,0.000000000000000000e+00,0.000000000000000000e+00,0.000000000000000000e+00,0.000000000000000000e+00,0.000000000000000000e+00,0.000000000000000000e+00,0.000000000000000000e+00,0.000000000000000000e+00,0.000000000000000000e+00,0.000000000000000000e+00,0.000000000000000000e+00,0.000000000000000000e+00,0.000000000000000000e+00,0.000000000000000000e+00,0.000000000000000000e+00,0.000000000000000000e+00,0.000000000000000000e+00,0.000000000000000000e+00,0.000000000000000000e+00,0.000000000000000000e+00,0.000000000000000000e+00,0.000000000000000000e+00,0.000000000000000000e+00,0.000000000000000000e+00,4.997597763358747197e-04,1.163773934600702438e-04,3.490580370926719424e-04,2.152389410533402353e-04,4.390859486943864105e-05,0.000000000000000000e+00,2.064110742221938338e-04,1.271798141798608970e-04,2.239684148425678573e-04,3.533821263558656702e-05,1.702119793219860277e-04,0.000000000000000000e+00,0.000000000000000000e+00,0.000000000000000000e+00,0.000000000000000000e+00,0.000000000000000000e+00,0.000000000000000000e+00,3.438081501727758248e-04,0.000000000000000000e+00,0.000000000000000000e+00,0.000000000000000000e+00,0.000000000000000000e+00,0.000000000000000000e+00,0.000000000000000000e+00,2.034230913136176309e-04,3.412629371911122048e-04,5.152545130990647928e-04,1.894507557051039329e-04,0.000000000000000000e+00,1.838197516398364410e-04,6.266233328039534298e-04,1.908439844850351897e-04,0.000000000000000000e+00,0.000000000000000000e+00,0.000000000000000000e+00,0.000000000000000000e+00,0.000000000000000000e+00,0.000000000000000000e+00,0.000000000000000000e+00,0.000000000000000000e+00,4.190905398688277573e-05,1.118602264930250705e-03,8.660787824947649991e-05,1.226378771726142870e-04,4.798644000755684165e-04,3.553980938253071577e-04,8.907734098401922309e-06,0.000000000000000000e+00,0.000000000000000000e+00,0.000000000000000000e+00,0.000000000000000000e+00,0.000000000000000000e+00,0.000000000000000000e+00,0.000000000000000000e+00,0.000000000000000000e+00,0.000000000000000000e+00,0.000000000000000000e+00,0.000000000000000000e+00,0.000000000000000000e+00,0.000000000000000000e+00,0.000000000000000000e+00,0.000000000000000000e+00,0.000000000000000000e+00,0.000000000000000000e+00,0.000000000000000000e+00,0.000000000000000000e+00,0.000000000000000000e+00,0.000000000000000000e+00,0.000000000000000000e+00,0.000000000000000000e+00,3.887106358350177990e-05,1.231083632892134374e-04,1.007602083139191583e-05,0.000000000000000000e+00,1.411871749653573052e-05,2.655779184735726647e-05,5.562240921193810177e-05,5.531775460239840900e-05,4.210165849870137677e-05,1.100737278478254957e-04,0.000000000000000000e+00,0.000000000000000000e+00,0.000000000000000000e+00,2.943812829867218438e-05,2.562173937157862137e-05,1.642425657603762280e-04
0.000000000000000000e+00,0.000000000000000000e+00,0.000000000000000000e+00,0.000000000000000000e+00,0.000000000000000000e+00,0.000000000000000000e+00,1.192821252925144692e-04,6.702795380834526023e-05,7.872603399770909888e-05,4.890478843629986801e-05,3.774299849235631391e-05,9.152882295433199485e-05,2.599281297460262014e-05,0.000000000000000000e+00,0.000000000000000000e+00,0.000000000000000000e+00,0.000000000000000000e+00,0.000000000000000000e+00,0.000000000000000000e+00,0.000000000000000000e+00,0.000000000000000000e+00,0.000000000000000000e+00,0.000000000000000000e+00,0.000000000000000000e+00,0.000000000000000000e+00,0.000000000000000000e+00,0.000000000000000000e+00,0.000000000000000000e+00,0.000000000000000000e+00,0.000000000000000000e+00,0.000000000000000000e+00,0.000000000000000000e+00,0.000000000000000000e+00,0.000000000000000000e+00,0.000000000000000000e+00,0.000000000000000000e+00,0.000000000000000000e+00,0.000000000000000000e+00,0.000000000000000000e+00,0.000000000000000000e+00,0.000000000000000000e+00,0.000000000000000000e+00,2.425514959223544270e-04,1.809549482158717768e-04,6.319284041364496996e-04,3.157201242280866725e-05,2.547889495739803604e-04,1.194238287851831807e-04,2.029748392467988448e-04,1.122099904666637736e-04,2.815901413846099853e-04,1.085856693328128802e-04,2.980220384267674719e-05,0.000000000000000000e+00,0.000000000000000000e+00,0.000000000000000000e+00,0.000000000000000000e+00,0.000000000000000000e+00,0.000000000000000000e+00,1.631441225818731412e-04,9.933043078312272806e-05,0.000000000000000000e+00,0.000000000000000000e+00,0.000000000000000000e+00,0.000000000000000000e+00,1.286377526775543114e-04,0.000000000000000000e+00,0.000000000000000000e+00,5.339466397057869183e-04,3.536287660881921608e-04,1.948117145122167291e-04,4.335577274340460469e-04,3.829070729085174785e-04,6.425929330708840016e-04,1.622378453057903426e-05,0.000000000000000000e+00,0.000000000000000000e+00,0.000000000000000000e+00,0.000000000000000000e+00,0.000000000000000000e+00,0.000000000000000000e+00,0.000000000000000000e+00,2.896882679461867450e-04,3.948686581315324407e-04,3.634513250595435051e-04,4.059141607816906449e-04,8.835205256452801758e-05,1.247593014226485353e-04,1.682683344256640369e-04,0.000000000000000000e+00,0.000000000000000000e+00,0.000000000000000000e+00,0.000000000000000000e+00,0.000000000000000000e+00,0.000000000000000000e+00,0.000000000000000000e+00,0.000000000000000000e+00,0.000000000000000000e+00,0.000000000000000000e+00,0.000000000000000000e+00,0.000000000000000000e+00,0.000000000000000000e+00,0.000000000000000000e+00,0.000000000000000000e+00,0.000000000000000000e+00,5.848762916214035276e-05,0.000000000000000000e+00,0.000000000000000000e+00,0.000000000000000000e+00,7.069517958236944717e-06,0.000000000000000000e+00,1.642850604385097369e-04,2.584203372563252253e-04,4.139109944004914875e-05,1.373705566210202389e-04,1.072432084851698863e-04,4.180375337600810245e-05,0.000000000000000000e+00,5.617326571923661818e-05,1.397665881457335754e-04,1.039330502066061209e-04,8.136470729276271780e-05,0.000000000000000000e+00,0.000000000000000000e+00,0.000000000000000000e+00,0.000000000000000000e+00,5.441679138161483034e-05,9.499907253949618205e-06
0.000000000000000000e+00,0.000000000000000000e+00,0.000000000000000000e+00,0.000000000000000000e+00,0.000000000000000000e+00,5.711075055309156777e-05,4.574458148888997888e-05,1.252357572302461881e-04,8.538356214870389423e-05,0.000000000000000000e+00,0.000000000000000000e+00,5.732121283609714423e-05,8.370763540650558588e-05,0.000000000000000000e+00,0.000000000000000000e+00,0.000000000000000000e+00,0.000000000000000000e+00,0.000000000000000000e+00,0.000000000000000000e+00,0.000000000000000000e+00,0.000000000000000000e+00,0.000000000000000000e+00,0.000000000000000000e+00,0.000000000000000000e+00,0.000000000000000000e+00,0.000000000000000000e+00,0.000000000000000000e+00,0.000000000000000000e+00,0.000000000000000000e+00,0.000000000000000000e+00,0.000000000000000000e+00,0.000000000000000000e+00,0.000000000000000000e+00,0.000000000000000000e+00,0.000000000000000000e+00,0.000000000000000000e+00,0.000000000000000000e+00,0.000000000000000000e+00,0.000000000000000000e+00,0.000000000000000000e+00,0.000000000000000000e+00,6.157491285398609005e-05,3.744058688307389253e-04,4.163525323119881497e-04,2.154627346424378437e-04,3.084161704269129754e-04,1.047467368326182114e-04,2.681081233179536966e-04,1.880908053761196053e-04,3.716961155421350232e-04,1.134894867120465715e-04,0.000000000000000000e+00,3.560926183268331945e-05,0.000000000000000000e+00,0.000000000000000000e+00,0.000000000000000000e+00,0.000000000000000000e+00,0.000000000000000000e+00,0.000000000000000000e+00,0.000000000000000000e+00,4.466519320428828177e-04,1.833669294370885371e-04,0.000000000000000000e+00,0.000000000000000000e+00,2.644069538759391894e-04,1.606931483356460950e-04,0.000000000000000000e+00,0.000000000000000000e+00,2.251374245976111763e-04,1.430274797510122707e-04,4.936635411966202805e-05,7.654921828090465146e-05,2.937539076090918367e-04,1.593891561854410331e-04,1.680816976574099977e-04,0.000000000000000000e+00,0.000000000000000000e+00,0.000000000000000000e+00,0.000000000000000000e+00,0.000000000000000000e+00,0.000000000000000000e+00,5.563058384225424979e-03,4.151053731117093659e-04,0.000000000000000000e+00,1.125423437647676937e-05,0.000000000000000000e+00,3.247661257919116505e-04,2.289214076260205968e-04,9.468525871667246726e-05,0.000000000000000000e+00,0.000000000000000000e+00,0.000000000000000000e+00,0.000000000000000000e+00,0.000000000000000000e+00,0.000000000000000000e+00,0.000000000000000000e+00,0.000000000000000000e+00,0.000000000000000000e+00,0.000000000000000000e+00,0.000000000000000000e+00,0.000000000000000000e+00,0.000000000000000000e+00,0.000000000000000000e+00,0.000000000000000000e+00,0.000000000000000000e+00,6.310672824123702304e-05,0.000000000000000000e+00,0.000000000000000000e+00,0.000000000000000000e+00,4.628898669496633368e-05,1.271386716858420356e-05,1.214587342886276112e-04,1.599769559945410315e-04,1.979711196975748422e-04,5.344271137013916699e-05,4.134645180604016495e-05,1.643041037490931020e-05,2.878074488707342197e-05,0.000000000000000000e+00,1.201865044742870555e-04,7.302680156063012806e-05,0.000000000000000000e+00,9.816586094592255512e-06,0.000000000000000000e+00,0.000000000000000000e+00,0.000000000000000000e+00,7.335836139816041921e-05,1.528006148689001534e-04
0.000000000000000000e+00,0.000000000000000000e+00,0.000000000000000000e+00,0.000000000000000000e+00,1.003931437303480978e-04,6.134816289962608958e-05,1.165737528218954087e-04,6.814456216373929610e-05,1.083349183610354756e-04,5.962377949844998784e-05,1.307107470651139812e-04,3.115848898634231861e-05,2.590860551284146295e-05,1.738108974622751070e-05,0.000000000000000000e+00,0.000000000000000000e+00,0.000000000000000000e+00,0.000000000000000000e+00,0.000000000000000000e+00,0.000000000000000000e+00,0.000000000000000000e+00,0.000000000000000000e+00,6.923923191930374602e-04,3.106990847856399359e-04,0.000000000000000000e+00,0.000000000000000000e+00,0.000000000000000000e+00,0.000000000000000000e+00,0.000000000000000000e+00,0.000000000000000000e+00,0.000000000000000000e+00,0.000000000000000000e+00,0.000000000000000000e+00,0.000000000000000000e+00,0.000000000000000000e+00,0.000000000000000000e+00,0.000000000000000000e+00,0.000000000000000000e+00,0.000000000000000000e+00,0.000000000000000000e+00,0.000000000000000000e+00,2.023175894626018931e-04,1.827530612865936556e-04,2.793438870207782111e-04,2.010565284825528525e-04,2.470461411741372735e-04,2.504185485690352221e-04,5.186169896916294946e-04,5.107360830176545154e-04,4.970653515097291460e-05,3.073014381717594596e-04,0.000000000000000000e+00,0.000000000000000000e+00,0.000000000000000000e+00,0.000000000000000000e+00,0.000000000000000000e+00,0.000000000000000000e+00,0.000000000000000000e+00,0.000000000000000000e+00,0.000000000000000000e+00,2.408093288789221742e-04,5.149352746879246436e-04,5.532728411360818450e-04,1.265164942733321900e-04,1.840612079016099478e-04,0.000000000000000000e+00,0.000000000000000000e+00,0.000000000000000000e+00,0.000000000000000000e+00,0.000000000000000000e+00,0.000000000000000000e+00,0.000000000000000000e+00,0.000000000000000000e+00,3.215030732576819859e-04,5.475631664877632886e-04,0.000000000000000000e+00,0.000000000000000000e+00,0.000000000000000000e+00,0.000000000000000000e+00,0.000000000000000000e+00,0.000000000000000000e+00,2.347731024057886362e-03,0.000000000000000000e+00,0.000000000000000000e+00,0.000000000000000000e+00,0.000000000000000000e+00,0.000000000000000000e+00,0.000000000000000000e+00,0.000000000000000000e+00,1.013743698842869858e-04,0.000000000000000000e+00,0.000000000000000000e+00,0.000000000000000000e+00,0.000000000000000000e+00,0.000000000000000000e+00,0.000000000000000000e+00,0.000000000000000000e+00,0.000000000000000000e+00,0.000000000000000000e+00,0.000000000000000000e+00,0.000000000000000000e+00,0.000000000000000000e+00,0.000000000000000000e+00,0.000000000000000000e+00,0.000000000000000000e+00,0.000000000000000000e+00,3.183728678579885108e-05,5.418524269455799662e-05,0.000000000000000000e+00,0.000000000000000000e+00,9.666503760054017780e-05,6.016010249359226729e-05,5.602159737977261333e-05,4.362695283917366354e-05,1.316176842318768022e-04,1.196386169620858090e-05,6.002569682005037153e-06,0.000000000000000000e+00,6.619619430037418525e-05,8.962183544610852160e-06,1.844582232563560849e-04,1.270087962717077103e-04,1.950337394372315050e-05,0.000000000000000000e+00,0.000000000000000000e+00,0.000000000000000000e+00,9.461842289012608264e-05,2.796003002611628093e-05
0.000000000000000000e+00,0.000000000000000000e+00,0.000000000000000000e+00,9.782315097814747978e-05,8.761246699136907804e-05,1.389852674438419190e-04,0.000000000000000000e+00,2.150360782608127532e-04,1.133945420534779417e-04,2.249679181859063921e-04,0.000000000000000000e+00,1.283212219970764631e-04,8.254113049178558458e-05,9.267933237320634832e-05,5.444661516919233328e-05,1.134539990061792906e-05,0.000000000000000000e+00,0.000000000000000000e+00,0.000000000000000000e+00,0.000000000000000000e+00,0.000000000000000000e+00,0.000000000000000000e+00,8.130285467881835605e-04,2.254870850208152218e-05,0.000000000000000000e+00,0.000000000000000000e+00,0.000000000000000000e+00,0.000000000000000000e+00,0.000000000000000000e+00,0.000000000000000000e+00,0.000000000000000000e+00,0.000000000000000000e+00,0.000000000000000000e+00,0.000000000000000000e+00,0.000000000000000000e+00,0.000000000000000000e+00,0.000000000000000000e+00,0.000000000000000000e+00,0.000000000000000000e+00,0.000000000000000000e+00,0.000000000000000000e+00,5.143886536370110077e-04,1.869806767728599505e-04,4.462258778576913424e-04,1.909300694914862042e-04,3.518729575381923809e-04,2.288784489826291106e-04,4.813339096046382140e-04,6.991149855942405816e-04,2.460840393549759675e-04,5.041559585763920098e-05,0.000000000000000000e+00,0.000000000000000000e+00,0.000000000000000000e+00,0.000000000000000000e+00,0.000000000000000000e+00,0.000000000000000000e+00,0.000000000000000000e+00,0.000000000000000000e+00,0.000000000000000000e+00,6.756051759096554066e-05,0.000000000000000000e+00,1.514427395046035808e-04,1.458032435962293828e-04,2.529180008868653221e-04,4.548114720939524109e-05,0.000000000000000000e+00,0.000000000000000000e+00,0.000000000000000000e+00,0.000000000000000000e+00,0.000000000000000000e+00,0.000000000000000000e+00,0.000000000000000000e+00,6.434193562824866409e-05,4.769293272273125348e-04,5.411482903634773790e-04,0.000000000000000000e+00,0.000000000000000000e+00,1.190378904530534884e-04,0.000000000000000000e+00,3.053239330791386434e-05,0.000000000000000000e+00,0.000000000000000000e+00,0.000000000000000000e+00,0.000000000000000000e+00,0.000000000000000000e+00,0.000000000000000000e+00,0.000000000000000000e+00,0.000000000000000000e+00,0.000000000000000000e+00,8.399725044340185904e-05,0.000000000000000000e+00,0.000000000000000000e+00,0.000000000000000000e+00,0.000000000000000000e+00,0.000000000000000000e+00,0.000000000000000000e+00,0.000000000000000000e+00,0.000000000000000000e+00,0.000000000000000000e+00,0.000000000000000000e+00,0.000000000000000000e+00,0.000000000000000000e+00,9.033081278192357647e-05,0.000000000000000000e+00,0.000000000000000000e+00,2.299252892113823395e-05,1.823733818001885821e-05,0.000000000000000000e+00,6.372229535686347581e-05,0.000000000000000000e+00,1.373522911752931414e-05,1.095919334174254262e-04,1.106415966076147245e-04,7.618950958429718874e-05,5.099875255158221643e-05,1.236111720045735137e-04,0.000000000000000000e+00,0.000000000000000000e+00,0.000000000000000000e+00,7.085129162124673943e-05,3.754792286888285359e-05,9.173298100687803504e-05,0.000000000000000000e+00,0.000000000000000000e+00,1.976272775509722466e-05,4.261943814279109768e-05,1.195271013336978035e-04
0.000000000000000000e+00,7.615055970736026036e-05,6.698599335359697979e-05,1.431813491592449569e-04,8.434600034931917436e-05,1.714455182152749681e-04,1.251423877812414054e-04,1.683918305999017589e-04,1.813306253920442767e-04,1.849380638332240767e-04,2.234165421974606386e-04,1.280466873900595729e-04,9.016410001484833129e-05,8.527433673663907163e-05,8.111236958707412578e-05,2.475119384908691742e-04,4.765884213723708452e-05,1.701525376957454519e-04,0.000000000000000000e+00,1.868838069846037264e-04,9.371796464106372094e-05,0.000000000000000000e+00,0.000000000000000000e+00,0.000000000000000000e+00,0.000000000000000000e+00,0.000000000000000000e+00,0.000000000000000000e+00,0.000000000000000000e+00,0.000000000000000000e+00,0.000000000000000000e+00,0.000000000000000000e+00,0.000000000000000000e+00,0.000000000000000000e+00,0.000000000000000000e+00,0.000000000000000000e+00,0.000000000000000000e+00,0.000000000000000000e+00,0.000000000000000000e+00,0.000000000000000000e+00,0.000000000000000000e+00,1.198695537810813626e-04,6.355814873163803625e-04,2.037873571132458000e-04,5.666705466245879541e-04,2.652955943794934050e-04,3.304184622044630914e-04,2.378639054098617451e-04,2.741698483108654522e-04,5.530996435466213048e-04,2.531731037927887999e-04,8.112882853659669834e-05,0.000000000000000000e+00,0.000000000000000000e+00,0.000000000000000000e+00,0.000000000000000000e+00,0.000000000000000000e+00,2.527433677665361263e-04,0.000000000000000000e+00,0.000000000000000000e+00,0.000000000000000000e+00,0.000000000000000000e+00,6.408076397365421888e-05,4.047936643455792797e-04,1.662191829875075814e-04,0.000000000000000000e+00,4.109214661524530281e-04,4.915147759264741723e-06,0.000000000000000000e+00,0.000000000000000000e+00,0.000000000000000000e+00,0.000000000000000000e+00,0.000000000000000000e+00,0.000000000000000000e+00,0.000000000000000000e+00,4.725303343708353587e-05,6.580161784645329566e-04,1.766534793398624303e-04,0.000000000000000000e+00,0.000000000000000000e+00,0.000000000000000000e+00,0.000000000000000000e+00,0.000000000000000000e+00,0.000000000000000000e+00,0.000000000000000000e+00,0.000000000000000000e+00,0.000000000000000000e+00,0.000000000000000000e+00,0.000000000000000000e+00,0.000000000000000000e+00,0.000000000000000000e+00,1.518812319812388533e-06,0.000000000000000000e+00,0.000000000000000000e+00,0.000000000000000000e+00,0.000000000000000000e+00,0.000000000000000000e+00,0.000000000000000000e+00,0.000000000000000000e+00,0.000000000000000000e+00,0.000000000000000000e+00,0.000000000000000000e+00,0.000000000000000000e+00,0.000000000000000000e+00,4.386190528788455855e-05,2.937914604958781982e-04,0.000000000000000000e+00,4.176646743507510934e-05,8.985047160482686134e-05,0.000000000000000000e+00,2.502141293811030061e-05,0.000000000000000000e+00,0.000000000000000000e+00,0.000000000000000000e+00,9.565187768615691322e-06,1.079371198648362709e-04,0.000000000000000000e+00,0.000000000000000000e+00,0.000000000000000000e+00,0.000000000000000000e+00,0.000000000000000000e+00,0.000000000000000000e+00,5.249404709579920045e-05,4.032619443629336645e-06,0.000000000000000000e+00,0.000000000000000000e+00,0.000000000000000000e+00,0.000000000000000000e+00,1.784556920294106013e-05
1.225798322129750665e-04,2.372012969431905847e-04,2.009727856583381914e-05,1.760147666841004282e-04,5.717105627992479059e-05,1.772590705900365337e-04,3.639669947384605389e-05,2.095095879763804773e-04,1.612481753368212188e-04,3.052234097916050291e-04,1.075169445655122104e-04,1.985620444566696559e-04,3.563357420462868531e-05,1.300394854321936888e-04,6.645743126650167787e-06,2.005885365262559839e-04,7.093762498402151457e-05,1.835621505962938330e-04,1.303811495250387510e-04,0.000000000000000000e+00,0.000000000000000000e+00,0.000000000000000000e+00,0.000000000000000000e+00,0.000000000000000000e+00,0.000000000000000000e+00,0.000000000000000000e+00,0.000000000000000000e+00,0.000000000000000000e+00,0.000000000000000000e+00,0.000000000000000000e+00,0.000000000000000000e+00,0.000000000000000000e+00,0.000000000000000000e+00,0.000000000000000000e+00,0.000000000000000000e+00,0.000000000000000000e+00,0.000000000000000000e+00,0.000000000000000000e+00,0.000000000000000000e+00,0.000000000000000000e+00,4.172865060068956205e-04,5.933577157835700881e-04,6.060897802361831475e-04,6.340729800647889377e-04,3.352806454889808714e-04,5.381178900367645157e-04,5.006221862032001082e-05,3.655095164465188237e-04,4.959599887839606603e-04,3.604082856385534416e-04,2.595893797562644776e-04,8.860057886179798501e-05,0.000000000000000000e+00,0.000000000000000000e+00,0.000000000000000000e+00,3.495113109851955707e-05,0.000000000000000000e+00,0.000000000000000000e+00,0.000000000000000000e+00,0.000000000000000000e+00,5.315511651627068010e-05,2.793176560696363034e-05,0.000000000000000000e+00,3.526415734146679079e-04,0.000000000000000000e+00,0.000000000000000000e+00,3.235098148927793220e-04,6.052508293757152483e-05,0.000000000000000000e+00,0.000000000000000000e+00,0.000000000000000000e+00,0.000000000000000000e+00,0.000000000000000000e+00,0.000000000000000000e+00,0.000000000000000000e+00,3.661836638159314365e-04,0.000000000000000000e+00,0.000000000000000000e+00,0.000000000000000000e+00,0.000000000000000000e+00,0.000000000000000000e+00,0.000000000000000000e+00,0.000000000000000000e+00,0.000000000000000000e+00,0.000000000000000000e+00,0.000000000000000000e+00,0.000000000000000000e+00,0.000000000000000000e+00,0.000000000000000000e+00,0.000000000000000000e+00,0.000000000000000000e+00,2.838372476862974160e-04,0.000000000000000000e+00,0.000000000000000000e+00,0.000000000000000000e+00,0.000000000000000000e+00,0.000000000000000000e+00,0.000000000000000000e+00,0.000000000000000000e+00,0.000000000000000000e+00,0.000000000000000000e+00,0.000000000000000000e+00,0.000000000000000000e+00,0.000000000000000000e+00,1.875672245455941767e-05,2.837691814228189606e-05,0.000000000000000000e+00,0.000000000000000000e+00,0.000000000000000000e+00,0.000000000000000000e+00,0.000000000000000000e+00,0.000000000000000000e+00,5.588886165041253547e-06,7.426569602979012693e-05,0.000000000000000000e+00,6.085118861704977159e-05,0.000000000000000000e+00,0.000000000000000000e+00,0.000000000000000000e+00,0.000000000000000000e+00,0.000000000000000000e+00,1.162861585457826267e-05,6.261707758882772415e-05,3.003243545314110508e-05,0.000000000000000000e+00,0.000000000000000000e+00,0.000000000000000000e+00,0.000000000000000000e+00
2.020887562971611894e-04,1.124735274888016807e-04,2.817967396691697826e-04,4.532616446079166416e-05,1.286342172068017276e-04,3.559109136038441875e-05,2.561851639073248069e-04,1.363849825080621866e-04,2.103004938629119260e-04,1.312258463783858931e-04,3.345649706990552925e-04,9.999337284059340355e-05,8.750309168332350940e-05,0.000000000000000000e+00,1.579489665115109203e-04,0.000000000000000000e+00,1.032243859865146008e-04,0.000000000000000000e+00,0.000000000000000000e+00,2.750523505868510761e-04,8.021599409004632705e-05,0.000000000000000000e+00,0.000000000000000000e+00,0.000000000000000000e+00,0.000000000000000000e+00,0.000000000000000000e+00,0.000000000000000000e+00,0.000000000000000000e+00,0.000000000000000000e+00,0.000000000000000000e+00,0.000000000000000000e+00,0.000000000000000000e+00,0.000000000000000000e+00,0.000000000000000000e+00,0.000000000000000000e+00,0.000000000000000000e+00,0.000000000000000000e+00,0.000000000000000000e+00,0.000000000000000000e+00,0.000000000000000000e+00,3.387436816407197451e-04,7.148400227061784155e-04,7.163726100531508500e-04,6.541717028546605896e-04,3.980494158148262934e-04,1.618181307318861334e-04,1.375462800455438299e-04,2.793700133502620073e-04,3.560693258706720626e-04,5.933849539372490402e-04,1.521919864585113188e-04,2.476520608628903636e-04,6.014408023484108841e-05,1.847379830390109552e-04,6.704938028026852562e-05,3.145389029903430922e-05,0.000000000000000000e+00,0.000000000000000000e+00,0.000000000000000000e+00,0.000000000000000000e+00,1.533490962366088157e-05,7.262571979669894633e-05,0.000000000000000000e+00,2.904546350458837847e-06,0.000000000000000000e+00,6.833433695097912203e-05,1.299501583531621404e-04,3.294936510802956185e-04,1.646546310025344569e-04,0.000000000000000000e+00,0.000000000000000000e+00,0.000000000000000000e+00,0.000000000000000000e+00,0.000000000000000000e+00,0.000000000000000000e+00,0.000000000000000000e+00,0.000000000000000000e+00,0.000000000000000000e+00,0.000000000000000000e+00,0.000000000000000000e+00,0.000000000000000000e+00,0.000000000000000000e+00,0.000000000000000000e+00,0.000000000000000000e+00,0.000000000000000000e+00,0.000000000000000000e+00,0.000000000000000000e+00,0.000000000000000000e+00,3.023916374735403706e-04,2.663330369730366109e-04,6.061849146242585140e-05,1.526876335402519000e-04,3.295579094073401933e-04,2.799205318932470877e-05,0.000000000000000000e+00,0.000000000000000000e+00,0.000000000000000000e+00,0.000000000000000000e+00,0.000000000000000000e+00,0.000000000000000000e+00,0.000000000000000000e+00,0.000000000000000000e+00,0.000000000000000000e+00,0.000000000000000000e+00,0.000000000000000000e+00,0.000000000000000000e+00,0.000000000000000000e+00,0.000000000000000000e+00,0.000000000000000000e+00,0.000000000000000000e+00,0.000000000000000000e+00,8.055805530650122397e-05,2.185103995502480099e-05,1.281648506566464426e-05,4.839400384987466760e-05,7.589573520890820289e-05,0.000000000000000000e+00,0.000000000000000000e+00,0.000000000000000000e+00,0.000000000000000000e+00,0.000000000000000000e+00,6.713525749576161096e-05,0.000000000000000000e+00,0.000000000000000000e+00,0.000000000000000000e+00,0.000000000000000000e+00,0.000000000000000000e+00,0.000000000000000000e+00
3.077461152322634192e-04,1.766120144371109127e-04,2.568307401114719923e-04,1.567402423977604130e-04,0.000000000000000000e+00,0.000000000000000000e+00,1.375796413353160225e-04,1.468553722913400791e-04,2.165193505442844957e-04,2.167456892340579688e-04,1.751359050641611856e-04,1.390682839617711475e-04,1.218995168032101505e-04,4.858087373205070527e-05,8.910912047743048501e-05,5.294103659299147484e-05,1.158054611284391238e-04,8.805715474334731415e-05,2.252062421283577943e-04,9.196464980822518858e-05,4.438513936329878482e-04,1.481741612690947627e-05,0.000000000000000000e+00,0.000000000000000000e+00,0.000000000000000000e+00,0.000000000000000000e+00,0.000000000000000000e+00,0.000000000000000000e+00,0.000000000000000000e+00,0.000000000000000000e+00,0.000000000000000000e+00,0.000000000000000000e+00,0.000000000000000000e+00,0.000000000000000000e+00,0.000000000000000000e+00,0.000000000000000000e+00,0.000000000000000000e+00,0.000000000000000000e+00,0.000000000000000000e+00,0.000000000000000000e+00,5.208282158946379772e-04,9.955174122645441340e-04,6.854026132808159911e-04,6.950085825078381862e-04,5.118897184087558422e-04,3.604566229943709276e-04,9.458366348782513186e-05,3.819450828144478074e-04,2.244995625771891183e-04,6.597998045951602216e-04,3.395200265714879047e-04,1.235248662842262023e-04,1.973897690929474398e-04,0.000000000000000000e+00,7.845282402431221836e-05,1.559566849299499241e-04,7.954881165680478686e-05,0.000000000000000000e+00,6.735999545777539049e-05,1.797260942538285241e-05,3.958036662764662821e-05,5.387664805144882673e-06,1.158287244825882770e-04,4.493915146086937054e-05,0.000000000000000000e+00,0.000000000000000000e+00,0.000000000000000000e+00,0.000000000000000000e+00,0.000000000000000000e+00,2.559137770557908954e-05,0.000000000000000000e+00,0.000000000000000000e+00,0.000000000000000000e+00,0.000000000000000000e+00,0.000000000000000000e+00,0.000000000000000000e+00,0.000000000000000000e+00,0.000000000000000000e+00,0.000000000000000000e+00,0.000000000000000000e+00,0.000000000000000000e+00,0.000000000000000000e+00,0.000000000000000000e+00,0.000000000000000000e+00,0.000000000000000000e+00,0.000000000000000000e+00,0.000000000000000000e+00,0.000000000000000000e+00,0.000000000000000000e+00,0.000000000000000000e+00,0.000000000000000000e+00,0.000000000000000000e+00,1.241069862040028145e-04,1.311970665473650554e-04,0.000000000000000000e+00,0.000000000000000000e+00,0.000000000000000000e+00,0.000000000000000000e+00,0.000000000000000000e+00,0.000000000000000000e+00,0.000000000000000000e+00,0.000000000000000000e+00,0.000000000000000000e+00,4.976022862200510074e-05,0.000000000000000000e+00,0.000000000000000000e+00,0.000000000000000000e+00,0.000000000000000000e+00,0.000000000000000000e+00,0.000000000000000000e+00,0.000000000000000000e+00,0.000000000000000000e+00,3.971354221848131356e-05,4.950412556485799616e-05,2.053758285655017771e-05,8.113853493865864463e-05,8.560324688796879574e-05,4.051398480098840051e-05,0.000000000000000000e+00,5.028617324649107276e-05,0.000000000000000000e+00,3.216455881075143489e-05,0.000000000000000000e+00,0.000000000000000000e+00,0.000000000000000000e+00,0.000000000000000000e+00,0.000000000000000000e+00,0.000000000000000000e+00
7.859336220414117591e-05,1.537789831544653682e-04,2.165008422106615398e-04,1.717540382759508318e-04,1.252011767917247562e-04,5.217551199424561893e-05,6.987412709642591517e-05,1.933208788879808382e-04,2.518850655759225453e-04,1.696937263087952281e-04,2.769024216792893996e-04,2.248195612665762557e-04,1.254221808371854289e-04,1.522693848744674082e-04,9.576831481260055737e-05,1.048961201238177599e-04,0.000000000000000000e+00,0.000000000000000000e+00,0.000000000000000000e+00,2.529494065276595514e-04,1.437900264028808893e-04,1.842857665594274674e-04,0.000000000000000000e+00,0.000000000000000000e+00,0.000000000000000000e+00,0.000000000000000000e+00,0.000000000000000000e+00,0.000000000000000000e+00,0.000000000000000000e+00,0.000000000000000000e+00,0.000000000000000000e+00,0.000000000000000000e+00,0.000000000000000000e+00,0.000000000000000000e+00,0.000000000000000000e+00,0.000000000000000000e+00,0.000000000000000000e+00,0.000000000000000000e+00,0.000000000000000000e+00,0.000000000000000000e+00,6.867181753912712837e-04,8.040296194585027723e-04,6.818811765496575559e-04,6.715933155031027614e-04,4.588452113014918629e-04,2.142646302562559375e-04,4.290199290771320073e-04,4.456299878611304200e-04,2.720166583164882693e-04,4.099896559799674832e-04,2.860083012099389117e-04,0.000000000000000000e+00,5.511435261646173336e-05,5.186462464478507821e-05,0.000000000000000000e+00,1.817387648552764451e-04,7.640374469183716037e-05,6.480917515424635420e-05,6.682355154703848972e-05,1.154302654591527583e-04,4.421817976546082041e-05,2.448709359775937751e-04,1.160813429482831264e-05,0.000000000000000000e+00,0.000000000000000000e+00,0.000000000000000000e+00,0.000000000000000000e+00,0.000000000000000000e+00,0.000000000000000000e+00,0.000000000000000000e+00,0.000000000000000000e+00,0.000000000000000000e+00,0.000000000000000000e+00,0.000000000000000000e+00,0.000000000000000000e+00,0.000000000000000000e+00,0.000000000000000000e+00,0.000000000000000000e+00,0.000000000000000000e+00,0.000000000000000000e+00,0.000000000000000000e+00,0.000000000000000000e+00,2.262707615519843026e-04,1.865197826787032579e-03,0.000000000000000000e+00,0.000000000000000000e+00,0.000000000000000000e+00,0.000000000000000000e+00,0.000000000000000000e+00,0.000000000000000000e+00,0.000000000000000000e+00,0.000000000000000000e+00,0.000000000000000000e+00,0.000000000000000000e+00,0.000000000000000000e+00,0.000000000000000000e+00,0.000000000000000000e+00,0.000000000000000000e+00,0.000000000000000000e+00,0.000000000000000000e+00,0.000000000000000000e+00,0.000000000000000000e+00,0.000000000000000000e+00,0.000000000000000000e+00,1.347925615093577886e-04,0.000000000000000000e+00,3.792805577090381945e-06,0.000000000000000000e+00,0.000000000000000000e+00,0.000000000000000000e+00,0.000000000000000000e+00,3.728545666574936381e-05,9.283167907099395481e-05,2.066016609264437038e-05,1.122228136498581321e-05,3.919346697016223423e-05,8.896731741078235407e-05,6.984544705772201126e-05,4.958491862982403593e-05,0.000000000000000000e+00,4.449834050303195913e-05,3.250356631965915371e-05,0.000000000000000000e+00,0.000000000000000000e+00,0.000000000000000000e+00,0.000000000000000000e+00,0.000000000000000000e+00,0.000000000000000000e+00
2.373322621601019059e-04,1.303266009975194634e-04,1.480509394536153175e-04,1.386665392798746253e-04,9.400971655895705469e-05,7.978402313659818115e-05,1.171429226490324903e-04,1.190154034606794823e-04,2.138997701231650883e-04,2.886802827532765022e-04,1.571862466352781955e-04,2.276339698804982683e-04,1.176899546912002172e-04,7.617341384755184006e-05,7.305954200972724060e-05,1.462595706462115755e-05,0.000000000000000000e+00,0.000000000000000000e+00,1.279344034465684289e-04,1.787933165951606041e-04,2.521356850616739034e-04,2.160679880202355757e-04,7.476140827147765850e-05,4.142833003308083599e-06,0.000000000000000000e+00,0.000000000000000000e+00,0.000000000000000000e+00,0.000000000000000000e+00,0.000000000000000000e+00,0.000000000000000000e+00,0.000000000000000000e+00,0.000000000000000000e+00,0.000000000000000000e+00,0.000000000000000000e+00,0.000000000000000000e+00,0.000000000000000000e+00,0.000000000000000000e+00,0.000000000000000000e+00,0.000000000000000000e+00,0.000000000000000000e+00,5.323985844925108223e-04,8.345491688013645642e-04,5.205549314549446456e-04,4.031803800949297590e-04,5.301913434645490718e-04,3.318627110092394828e-04,3.381630040888629232e-04,5.859883154132568880e-04,2.822337799325784339e-04,3.733597963168897894e-04,6.335811324303200238e-05,3.934818587241494013e-04,1.931405388880881894e-04,0.000000000000000000e+00,0.000000000000000000e+00,0.000000000000000000e+00,8.463561517795566006e-05,1.808207147281561285e-04,0.000000000000000000e+00,1.177097855400167768e-04,0.000000000000000000e+00,0.000000000000000000e+00,2.239163214444951015e-04,7.809405834987681160e-05,0.000000000000000000e+00,0.000000000000000000e+00,0.000000000000000000e+00,0.000000000000000000e+00,0.000000000000000000e+00,0.000000000000000000e+00,0.000000000000000000e+00,0.000000000000000000e+00,0.000000000000000000e+00,0.000000000000000000e+00,0.000000000000000000e+00,0.000000000000000000e+00,0.000000000000000000e+00,0.000000000000000000e+00,0.000000000000000000e+00,0.000000000000000000e+00,0.000000000000000000e+00,0.000000000000000000e+00,4.676564372329722634e-04,0.000000000000000000e+00,0.000000000000000000e+00,0.000000000000000000e+00,0.000000000000000000e+00,0.000000000000000000e+00,0.000000000000000000e+00,0.000000000000000000e+00,0.000000000000000000e+00,0.000000000000000000e+00,0.000000000000000000e+00,0.000000000000000000e+00,0.000000000000000000e+00,0.000000000000000000e+00,0.000000000000000000e+00,0.000000000000000000e+00,0.000000000000000000e+00,0.000000000000000000e+00,0.000000000000000000e+00,0.000000000000000000e+00,3.975076665933179390e-06,2.478509466541227468e-04,1.329749283987162532e-04,8.130344110085204259e-05,1.315112055551289976e-04,1.080087805789167299e-05,0.000000000000000000e+00,0.000000000000000000e+00,1.559507610824747623e-04,0.000000000000000000e+00,4.548787225050131923e-05,4.076400118354027685e-05,1.350314219428711611e-04,0.000000000000000000e+00,6.735612179761590792e-05,3.555126460057127707e-05,4.050627999653823807e-05,0.000000000000000000e+00,2.601456104575884746e-05,0.000000000000000000e+00,0.000000000000000000e+00,0.000000000000000000e+00,0.000000000000000000e+00,0.000000000000000000e+00,0.000000000000000000e+00,0.000000000000000000e+00
1.089843055182615944e-04,1.142181004242861657e-04,6.181370529301379686e-05,1.215058234240749200e-04,1.160018897560069189e-05,1.552963138265751040e-04,3.282204791397518121e-05,2.813735597827285440e-04,1.059913562216719334e-04,2.406108903321830487e-04,1.818679349086201101e-04,3.298019202394981107e-04,1.852891955758991383e-04,1.472094748012341700e-04,1.402698663233369557e-04,1.727621456936858995e-04,7.053051559890767552e-05,0.000000000000000000e+00,8.627711735213343695e-05,2.251721324058645571e-04,1.096776998366237111e-04,3.746172312273214372e-05,1.083861998007879635e-04,7.012011554329259809e-05,0.000000000000000000e+00,0.000000000000000000e+00,0.000000000000000000e+00,0.000000000000000000e+00,0.000000000000000000e+00,0.000000000000000000e+00,0.000000000000000000e+00,0.000000000000000000e+00,0.000000000000000000e+00,0.000000000000000000e+00,0.000000000000000000e+00,0.000000000000000000e+00,0.000000000000000000e+00,0.000000000000000000e+00,0.000000000000000000e+00,0.000000000000000000e+00,4.267357516416322083e-04,1.020962532742726711e-03,6.193729715155020304e-04,5.931678140714932886e-04,5.195844470904702412e-04,2.677507970418815269e-04,2.437992743926653289e-04,4.028375202650665075e-04,6.006488103016379212e-04,2.242643877873607143e-04,1.986784812420950132e-04,2.962406710592003305e-05,3.353843191637427838e-04,0.000000000000000000e+00,0.000000000000000000e+00,0.000000000000000000e+00,0.000000000000000000e+00,2.299913053433312951e-04,7.274877472115006771e-05,0.000000000000000000e+00,0.000000000000000000e+00,0.000000000000000000e+00,0.000000000000000000e+00,5.606831073133593149e-05,0.000000000000000000e+00,0.000000000000000000e+00,0.000000000000000000e+00,0.000000000000000000e+00,0.000000000000000000e+00,0.000000000000000000e+00,0.000000000000000000e+00,0.000000000000000000e+00,3.918234832567340468e-05,4.440813147937476882e-04,0.000000000000000000e+00,0.000000000000000000e+00,0.000000000000000000e+00,0.000000000000000000e+00,0.000000000000000000e+00,0.000000000000000000e+00,0.000000000000000000e+00,0.000000000000000000e+00,0.000000000000000000e+00,0.000000000000000000e+00,0.000000000000000000e+00,0.000000000000000000e+00,0.000000000000000000e+00,0.000000000000000000e+00,0.000000000000000000e+00,0.000000000000000000e+00,0.000000000000000000e+00,0.000000000000000000e+00,0.000000000000000000e+00,0.000000000000000000e+00,0.000000000000000000e+00,0.000000000000000000e+00,0.000000000000000000e+00,0.000000000000000000e+00,0.000000000000000000e+00,0.000000000000000000e+00,0.000000000000000000e+00,0.000000000000000000e+00,0.000000000000000000e+00,2.806698338209244012e-05,2.127574745291681529e-04,1.389966236083447679e-04,1.584207009480168786e-04,1.593575425016679499e-05,3.108145859995728097e-05,5.330185756899655182e-05,1.427230263174868814e-04,0.000000000000000000e+00,8.494192069130947242e-05,3.023675159626314866e-05,1.110418225681116399e-05,0.000000000000000000e+00,1.481295074759575347e-05,4.634261920140198281e-05,0.000000000000000000e+00,0.000000000000000000e+00,0.000000000000000000e+00,0.000000000000000000e+00,0.000000000000000000e+00,0.000000000000000000e+00,0.000000000000000000e+00,0.000000000000000000e+00,0.000000000000000000e+00,0.000000000000000000e+00
1.625201373226457498e-04,3.166174235070595483e-04,8.960246480119590459e-05,1.277730333483833246e-04,0.000000000000000000e+00,1.445204515050617236e-04,4.429646686116196384e-05,1.395526246687402454e-04,5.469579914177174953e-05,2.284212999428151603e-04,1.262387828328079427e-04,2.452327936590588961e-04,1.526207853127290294e-04,2.043706752185513967e-04,6.144931603151814858e-05,1.389578628808383330e-04,2.907011832900185800e-05,6.973098430331528498e-05,7.460040959147329787e-05,7.480742804257541447e-05,2.527358327999280571e-04,2.230527785338672075e-04,1.290004733452911772e-04,6.286997050162907688e-05,4.022184204155640871e-05,0.000000000000000000e+00,0.000000000000000000e+00,0.000000000000000000e+00,0.000000000000000000e+00,0.000000000000000000e+00,0.000000000000000000e+00,0.000000000000000000e+00,0.000000000000000000e+00,0.000000000000000000e+00,0.000000000000000000e+00,0.000000000000000000e+00,0.000000000000000000e+00,0.000000000000000000e+00,0.000000000000000000e+00,0.000000000000000000e+00,5.323090742907880552e-04,8.870466439639956846e-04,4.673866491484864028e-04,2.826015264800619121e-04,3.942911480602746084e-04,1.590250982837011946e-04,3.975952432459348325e-04,4.341568680918099108e-04,5.318933988421205425e-04,2.667209342212431924e-04,2.096740587502903571e-04,0.000000000000000000e+00,1.219393549538072449e-04,7.002179267757937706e-05,0.000000000000000000e+00,0.000000000000000000e+00,0.000000000000000000e+00,0.000000000000000000e+00,2.535545029144696365e-04,0.000000000000000000e+00,0.000000000000000000e+00,0.000000000000000000e+00,0.000000000000000000e+00,0.000000000000000000e+00,0.000000000000000000e+00,0.000000000000000000e+00,0.000000000000000000e+00,0.000000000000000000e+00,0.000000000000000000e+00,0.000000000000000000e+00,0.000000000000000000e+00,0.000000000000000000e+00,0.000000000000000000e+00,9.838911582388456135e-04,2.537882110652238008e-04,5.647544769208444988e-04,6.016979669004636483e-05,0.000000000000000000e+00,0.000000000000000000e+00,0.000000000000000000e+00,0.000000000000000000e+00,0.000000000000000000e+00,0.000000000000000000e+00,0.000000000000000000e+00,0.000000000000000000e+00,0.000000000000000000e+00,0.000000000000000000e+00,0.000000000000000000e+00,0.000000000000000000e+00,0.000000000000000000e+00,0.000000000000000000e+00,0.000000000000000000e+00,0.000000000000000000e+00,0.000000000000000000e+00,0.000000000000000000e+00,0.000000000000000000e+00,0.000000000000000000e+00,0.000000000000000000e+00,0.000000000000000000e+00,0.000000000000000000e+00,0.000000000000000000e+00,0.000000000000000000e+00,0.000000000000000000e+00,0.000000000000000000e+00,0.000000000000000000e+00,1.220477365526509753e-04,1.320850985811186033e-04,5.469186348357914224e-05,0.000000000000000000e+00,1.775636321569846034e-04,2.746083081835707556e-04,6.277277801046848317e-05,5.611542852308602807e-05,5.975235526583024274e-05,7.164862880035727157e-05,9.177536750313162648e-05,1.567718106986003263e-05,0.000000000000000000e+00,0.000000000000000000e+00,0.000000000000000000e+00,0.000000000000000000e+00,0.000000000000000000e+00,0.000000000000000000e+00,0.000000000000000000e+00,0.000000000000000000e+00,0.000000000000000000e+00,0.000000000000000000e+00,0.000000000000000000e+00
6.325276234692645482e-05,1.807668670985176451e-04,1.241530899784178393e-04,2.420699028923226233e-04,2.005321802419348252e-05,1.371122776127294332e-04,1.260294868564562415e-04,1.537267950317128251e-04,1.154609063897816390e-04,1.322145960431183904e-04,1.979930142800270373e-05,1.899246980795248291e-04,1.342573853388310601e-04,2.246231789337920393e-04,2.061097350122606379e-04,2.033047415580177813e-04,1.961567300109746134e-04,2.166669154676959555e-05,0.000000000000000000e+00,9.412766820293466327e-05,5.109034296620257770e-05,0.000000000000000000e+00,0.000000000000000000e+00,2.779698164208821605e-05,2.047469620571674184e-04,0.000000000000000000e+00,0.000000000000000000e+00,0.000000000000000000e+00,0.000000000000000000e+00,0.000000000000000000e+00,0.000000000000000000e+00,0.000000000000000000e+00,0.000000000000000000e+00,0.000000000000000000e+00,0.000000000000000000e+00,0.000000000000000000e+00,0.000000000000000000e+00,0.000000000000000000e+00,0.000000000000000000e+00,0.000000000000000000e+00,2.510682135181053934e-04,1.371841902876612179e-03,1.105191723941724219e-03,2.426300645029163270e-04,6.808587972926988816e-04,1.261964005374001721e-04,2.179342710278027711e-04,2.373756913360227814e-04,4.283636997566940682e-04,9.933418274786560867e-05,2.358667023152849972e-04,5.900960576893959133e-05,0.000000000000000000e+00,1.440823683917882598e-04,0.000000000000000000e+00,0.000000000000000000e+00,0.000000000000000000e+00,0.000000000000000000e+00,2.000777710030869061e-06,0.000000000000000000e+00,0.000000000000000000e+00,0.000000000000000000e+00,0.000000000000000000e+00,0.000000000000000000e+00,0.000000000000000000e+00,0.000000000000000000e+00,0.000000000000000000e+00,0.000000000000000000e+00,0.000000000000000000e+00,0.000000000000000000e+00,0.000000000000000000e+00,0.000000000000000000e+00,0.000000000000000000e+00,3.077975188289474228e-05,7.859296367267926998e-04,7.784472739027645195e-05,0.000000000000000000e+00,0.000000000000000000e+00,0.000000000000000000e+00,0.000000000000000000e+00,0.000000000000000000e+00,0.000000000000000000e+00,0.000000000000000000e+00,0.000000000000000000e+00,0.000000000000000000e+00,0.000000000000000000e+00,0.000000000000000000e+00,0.000000000000000000e+00,0.000000000000000000e+00,0.000000000000000000e+00,0.000000000000000000e+00,0.000000000000000000e+00,0.000000000000000000e+00,1.067143837411961630e-04,1.280838929877748712e-04,0.000000000000000000e+00,0.000000000000000000e+00,0.000000000000000000e+00,0.000000000000000000e+00,0.000000000000000000e+00,0.000000000000000000e+00,0.000000000000000000e+00,0.000000000000000000e+00,0.000000000000000000e+00,0.000000000000000000e+00,0.000000000000000000e+00,1.471901533179311914e-04,2.057338660980204679e-04,1.291512360836637239e-04,1.657350235458951511e-05,1.171211524020681439e-04,1.123598769032056066e-04,1.201405305372919803e-04,1.875759711550433113e-04,4.305892150134325619e-05,0.000000000000000000e+00,0.000000000000000000e+00,0.000000000000000000e+00,0.000000000000000000e+00,0.000000000000000000e+00,0.000000000000000000e+00,0.000000000000000000e+00,0.000000000000000000e+00,0.000000000000000000e+00,0.000000000000000000e+00,0.000000000000000000e+00,0.000000000000000000e+00,0.000000000000000000e+00
1.361317348699672886e-04,2.050444708935662570e-04,1.603092128303079016e-04,1.541475451389722254e-04,1.306936027993244303e-04,8.769177961777623162e-05,1.447135713610868965e-04,1.919784840008841140e-04,1.672855931017683631e-04,2.924642695108204370e-04,1.122182556332584327e-04,1.429083717723578478e-04,1.744993553336300033e-04,9.703915810814675366e-06,1.644871542680083061e-04,4.331817123779483909e-05,6.858389838378904982e-05,0.000000000000000000e+00,0.000000000000000000e+00,4.318589782459957894e-05,2.418241583731210351e-04,1.207980732726495355e-04,1.665207066381449148e-04,3.037145919624630901e-05,0.000000000000000000e+00,0.000000000000000000e+00,0.000000000000000000e+00,0.000000000000000000e+00,0.000000000000000000e+00,0.000000000000000000e+00,0.000000000000000000e+00,0.000000000000000000e+00,0.000000000000000000e+00,0.000000000000000000e+00,0.000000000000000000e+00,0.000000000000000000e+00,0.000000000000000000e+00,0.000000000000000000e+00,0.000000000000000000e+00,0.000000000000000000e+00,3.135345339869407893e-04,7.550986418212220913e-04,1.194099450972283937e-03,2.211503045103549285e-04,5.005077180614064206e-04,2.524444470002931143e-04,2.601935198820668469e-04,1.619000155415409325e-04,1.181340301798866296e-04,5.177089800141846559e-05,1.817025514465534083e-04,1.482887209899314679e-04,5.470179548320256720e-05,0.000000000000000000e+00,0.000000000000000000e+00,0.000000000000000000e+00,0.000000000000000000e+00,0.000000000000000000e+00,0.000000000000000000e+00,2.204280164945857988e-05,0.000000000000000000e+00,0.000000000000000000e+00,0.000000000000000000e+00,0.000000000000000000e+00,0.000000000000000000e+00,0.000000000000000000e+00,0.000000000000000000e+00,0.000000000000000000e+00,0.000000000000000000e+00,0.000000000000000000e+00,0.000000000000000000e+00,0.000000000000000000e+00,0.000000000000000000e+00,5.162726674616133839e-05,9.994262712921940951e-04,0.000000000000000000e+00,0.000000000000000000e+00,0.000000000000000000e+00,0.000000000000000000e+00,0.000000000000000000e+00,0.000000000000000000e+00,0.000000000000000000e+00,0.000000000000000000e+00,0.000000000000000000e+00,0.000000000000000000e+00,0.000000000000000000e+00,0.000000000000000000e+00,0.000000000000000000e+00,0.000000000000000000e+00,0.000000000000000000e+00,0.000000000000000000e+00,0.000000000000000000e+00,0.000000000000000000e+00,0.000000000000000000e+00,0.000000000000000000e+00,0.000000000000000000e+00,0.000000000000000000e+00,0.000000000000000000e+00,0.000000000000000000e+00,0.000000000000000000e+00,0.000000000000000000e+00,0.000000000000000000e+00,0.000000000000000000e+00,0.000000000000000000e+00,0.000000000000000000e+00,0.000000000000000000e+00,0.000000000000000000e+00,0.000000000000000000e+00,1.972942689146358852e-05,1.840239876508096434e-04,5.956955015272883894e-05,2.342611674300622043e-04,7.846410543467840289e-05,7.470272002275913856e-05,1.922992923248328749e-04,6.087983114843814408e-05,0.000000000000000000e+00,1.427446780538410517e-05,0.000000000000000000e+00,0.000000000000000000e+00,0.000000000000000000e+00,0.000000000000000000e+00,0.000000000000000000e+00,0.000000000000000000e+00,0.000000000000000000e+00,0.000000000000000000e+00,0.000000000000000000e+00,0.000000000000000000e+00
1.817825304642582825e-04,1.279860837845114916e-04,1.832667823184993595e-04,1.183880523720172104e-04,9.589035637885088702e-05,1.750422216342014791e-04,8.577702885377854023e-05,2.295668126959465405e-04,1.544049352689000809e-04,1.468318756172122454e-04,1.311444458257968832e-04,8.065283819580237087e-05,1.312932062324770777e-04,1.679215617518504879e-04,1.406895514724861604e-04,1.684784324256740804e-04,2.975810948101524005e-04,7.132685247086256448e-05,1.318912332227658354e-04,1.306725301464214711e-04,1.465037182035359260e-04,0.000000000000000000e+00,6.131552919310824371e-05,0.000000000000000000e+00,0.000000000000000000e+00,0.000000000000000000e+00,0.000000000000000000e+00,0.000000000000000000e+00,0.000000000000000000e+00,0.000000000000000000e+00,0.000000000000000000e+00,0.000000000000000000e+00,0.000000000000000000e+00,0.000000000000000000e+00,0.000000000000000000e+00,0.000000000000000000e+00,0.000000000000000000e+00,0.000000000000000000e+00,0.000000000000000000e+00,0.000000000000000000e+00,0.000000000000000000e+00,1.018800538341148179e-03,1.368025208096299451e-03,3.743835146493940612e-04,4.028299647489176909e-04,3.053010211201988614e-04,9.870954085966003014e-05,1.336126232829464619e-04,3.358741795583741947e-04,8.284653310685519579e-05,5.275751631816959149e-05,5.746307504436617671e-05,2.528210819157604948e-04,1.141227707931997504e-04,0.000000000000000000e+00,0.000000000000000000e+00,0.000000000000000000e+00,0.000000000000000000e+00,0.000000000000000000e+00,0.000000000000000000e+00,0.000000000000000000e+00,0.000000000000000000e+00,0.000000000000000000e+00,0.000000000000000000e+00,0.000000000000000000e+00,0.000000000000000000e+00,0.000000000000000000e+00,0.000000000000000000e+00,0.000000000000000000e+00,0.000000000000000000e+00,0.000000000000000000e+00,0.000000000000000000e+00,0.000000000000000000e+00,4.641597408619117077e-04,5.881378653107879450e-04,0.000000000000000000e+00,0.000000000000000000e+00,0.000000000000000000e+00,0.000000000000000000e+00,0.000000000000000000e+00,0.000000000000000000e+00,0.000000000000000000e+00,0.000000000000000000e+00,0.000000000000000000e+00,0.000000000000000000e+00,0.000000000000000000e+00,0.000000000000000000e+00,0.000000000000000000e+00,0.000000000000000000e+00,0.000000000000000000e+00,0.000000000000000000e+00,0.000000000000000000e+00,0.000000000000000000e+00,0.000000000000000000e+00,0.000000000000000000e+00,0.000000000000000000e+00,0.000000000000000000e+00,0.000000000000000000e+00,0.000000000000000000e+00,0.000000000000000000e+00,0.000000000000000000e+00,0.000000000000000000e+00,0.000000000000000000e+00,0.000000000000000000e+00,0.000000000000000000e+00,0.000000000000000000e+00,0.000000000000000000e+00,6.794179569006212986e-05,1.593938488153023034e-04,7.584085064422784611e-05,1.322504470637103950e-04,1.620777203200851887e-05,1.542548634082466631e-04,9.149562806530122771e-05,1.038380591676487172e-04,6.962250840332434132e-05,3.862368696510548024e-05,3.776259633354162428e-05,0.000000000000000000e+00,0.000000000000000000e+00,0.000000000000000000e+00,0.000000000000000000e+00,0.000000000000000000e+00,0.000000000000000000e+00,0.000000000000000000e+00,0.000000000000000000e+00,0.000000000000000000e+00,0.000000000000000000e+00
1.219965244921766617e-04,1.369334169478365795e-04,1.578403852472417342e-04,1.786528332802280589e-04,1.460936914872127030e-04,1.253209489419233576e-04,1.434086177196486052e-04,7.562568229008175468e-05,2.348414308951119736e-04,1.655963624650913936e-04,2.084967147120578377e-04,1.308156995337935488e-04,1.697471001794821546e-04,8.580240513861082691e-05,1.480404925297031647e-04,1.012226821755097801e-04,7.791092529865421671e-05,9.989224260416001261e-05,1.682137547967698694e-05,5.907459359597282827e-05,1.543591329008806934e-04,1.920792414754376022e-04,1.394906416651012964e-04,0.000000000000000000e+00,0.000000000000000000e+00,0.000000000000000000e+00,0.000000000000000000e+00,0.000000000000000000e+00,0.000000000000000000e+00,0.000000000000000000e+00,0.000000000000000000e+00,0.000000000000000000e+00,0.000000000000000000e+00,0.000000000000000000e+00,0.000000000000000000e+00,0.000000000000000000e+00,0.000000000000000000e+00,0.000000000000000000e+00,0.000000000000000000e+00,0.000000000000000000e+00,0.000000000000000000e+00,4.468195610210809834e-04,1.570283287501289277e-03,6.032622242366733091e-04,4.845177898796999057e-04,4.710159573600428877e-04,1.807224525191067084e-05,0.000000000000000000e+00,1.034022693218752639e-04,0.000000000000000000e+00,0.000000000000000000e+00,0.000000000000000000e+00,0.000000000000000000e+00,0.000000000000000000e+00,2.140159893835680098e-04,1.742345984267686955e-04,0.000000000000000000e+00,0.000000000000000000e+00,0.000000000000000000e+00,0.000000000000000000e+00,0.000000000000000000e+00,0.000000000000000000e+00,0.000000000000000000e+00,0.000000000000000000e+00,0.000000000000000000e+00,0.000000000000000000e+00,0.000000000000000000e+00,0.000000000000000000e+00,0.000000000000000000e+00,0.000000000000000000e+00,0.000000000000000000e+00,0.000000000000000000e+00,0.000000000000000000e+00,2.980186276883730039e-04,7.867929193856440300e-04,0.000000000000000000e+00,0.000000000000000000e+00,0.000000000000000000e+00,0.000000000000000000e+00,0.000000000000000000e+00,0.000000000000000000e+00,0.000000000000000000e+00,0.000000000000000000e+00,0.000000000000000000e+00,0.000000000000000000e+00,0.000000000000000000e+00,0.000000000000000000e+00,0.000000000000000000e+00,0.000000000000000000e+00,0.000000000000000000e+00,0.000000000000000000e+00,2.169130157298293060e-04,0.000000000000000000e+00,0.000000000000000000e+00,0.000000000000000000e+00,0.000000000000000000e+00,0.000000000000000000e+00,0.000000000000000000e+00,0.000000000000000000e+00,0.000000000000000000e+00,0.000000000000000000e+00,0.000000000000000000e+00,0.000000000000000000e+00,0.000000000000000000e+00,0.000000000000000000e+00,0.000000000000000000e+00,0.000000000000000000e+00,0.000000000000000000e+00,6.565205555999581400e-05,2.759806004469350085e-04,1.140676247569614603e-04,2.477622500141278398e-04,2.730339259945013800e-05,7.287262170504136009e-05,9.297707358460661651e-05,1.084513660143366054e-04,2.626994938895740880e-05,7.341126445771067313e-05,0.000000000000000000e+00,0.000000000000000000e+00,0.000000000000000000e+00,0.000000000000000000e+00,0.000000000000000000e+00,0.000000000000000000e+00,0.000000000000000000e+00,0.000000000000000000e+00,0.000000000000000000e+00,0.000000000000000000e+00
1.029821573497466061e-04,0.000000000000000000e+00,1.146319053106469716e-04,8.929617051739286267e-06,1.567792388987932287e-04,4.635947824456984904e-05,1.837214265455590443e-04,3.178369336793644793e-05,1.946912630871975723e-04,6.145185459436455842e-05,2.004420878767714279e-04,3.850797084931711987e-05,8.270153636997003841e-05,0.000000000000000000e+00,1.439870393630332751e-04,3.329708804453494314e-05,2.679007574389188841e-04,7.681781274884459101e-05,1.010882193135494226e-04,0.000000000000000000e+00,0.000000000000000000e+00,2.304121940439773268e-04,1.454144160390069703e-04,2.862874529683244958e-05,0.000000000000000000e+00,0.000000000000000000e+00,0.000000000000000000e+00,0.000000000000000000e+00,0.000000000000000000e+00,0.000000000000000000e+00,0.000000000000000000e+00,0.000000000000000000e+00,0.000000000000000000e+00,0.000000000000000000e+00,0.000000000000000000e+00,0.000000000000000000e+00,0.000000000000000000e+00,0.000000000000000000e+00,0.000000000000000000e+00,0.000000000000000000e+00,0.000000000000000000e+00,0.000000000000000000e+00,1.298407246658588423e-03,9.280560285915034251e-04,3.497603611446189423e-04,4.576600395860000382e-04,0.000000000000000000e+00,0.000000000000000000e+00,0.000000000000000000e+00,3.291372942548157886e-05,0.000000000000000000e+00,0.000000000000000000e+00,0.000000000000000000e+00,0.000000000000000000e+00,0.000000000000000000e+00,6.687038748714561616e-05,1.502146059789947617e-04,0.000000000000000000e+00,0.000000000000000000e+00,0.000000000000000000e+00,0.000000000000000000e+00,0.000000000000000000e+00,0.000000000000000000e+00,0.000000000000000000e+00,0.000000000000000000e+00,0.000000000000000000e+00,0.000000000000000000e+00,0.000000000000000000e+00,0.000000000000000000e+00,0.000000000000000000e+00,0.000000000000000000e+00,0.000000000000000000e+00,0.000000000000000000e+00,1.074796686498500123e-04,6.246633819955611788e-04,0.000000000000000000e+00,0.000000000000000000e+00,0.000000000000000000e+00,0.000000000000000000e+00,0.000000000000000000e+00,0.000000000000000000e+00,0.000000000000000000e+00,0.000000000000000000e+00,0.000000000000000000e+00,0.000000000000000000e+00,0.000000000000000000e+00,0.000000000000000000e+00,0.000000000000000000e+00,0.000000000000000000e+00,0.000000000000000000e+00,1.477262674310611437e-04,1.041296760145136058e-04,0.000000000000000000e+00,0.000000000000000000e+00,0.000000000000000000e+00,0.000000000000000000e+00,0.000000000000000000e+00,0.000000000000000000e+00,0.000000000000000000e+00,0.000000000000000000e+00,0.000000000000000000e+00,0.000000000000000000e+00,0.000000000000000000e+00,0.000000000000000000e+00,0.000000000000000000e+00,0.000000000000000000e+00,0.000000000000000000e+00,0.000000000000000000e+00,2.834660266708377181e-05,1.378383808679359756e-04,7.426568015583091603e-05,1.069261473309429363e-04,1.684589403176222884e-04,1.856712542826722211e-04,6.371912624712927793e-05,5.440713177847430484e-05,1.062611316293133701e-04,7.012411005219203132e-05,9.034855894955073674e-06,0.000000000000000000e+00,0.000000000000000000e+00,0.000000000000000000e+00,0.000000000000000000e+00,0.000000000000000000e+00,0.000000000000000000e+00,0.000000000000000000e+00,0.000000000000000000e+00,0.000000000000000000e+00
1.000206334270660696e-04,0.000000000000000000e+00,1.281817445602190329e-04,0.000000000000000000e+00,1.695131883612869237e-04,2.063322997980305805e-05,9.952546875099348557e-05,0.000000000000000000e+00,1.391734206642183610e-04,1.119143539899715445e-04,1.850399586861181363e-04,3.442057869102522664e-05,1.896372716014190223e-04,0.000000000000000000e+00,1.023967849606369093e-04,0.000000000000000000e+00,9.868004466850787958e-06,8.665238415115726481e-05,2.296972121475273420e-05,0.000000000000000000e+00,0.000000000000000000e+00,1.857846838477436320e-05,2.362426835292243837e-04,9.028850875002400174e-05,0.000000000000000000e+00,0.000000000000000000e+00,0.000000000000000000e+00,0.000000000000000000e+00,0.000000000000000000e+00,0.000000000000000000e+00,0.000000000000000000e+00,0.000000000000000000e+00,0.000000000000000000e+00,0.000000000000000000e+00,0.000000000000000000e+00,0.000000000000000000e+00,0.000000000000000000e+00,0.000000000000000000e+00,0.000000000000000000e+00,0.000000000000000000e+00,0.000000000000000000e+00,0.000000000000000000e+00,1.703517061172247864e-04,1.338828568815148652e-03,6.358926649227756829e-04,6.067882490128057417e-04,0.000000000000000000e+00,0.000000000000000000e+00,0.000000000000000000e+00,0.000000000000000000e+00,0.000000000000000000e+00,0.000000000000000000e+00,0.000000000000000000e+00,0.000000000000000000e+00,0.000000000000000000e+00,0.000000000000000000e+00,3.504817125029517470e-04,0.000000000000000000e+00,0.000000000000000000e+00,0.000000000000000000e+00,0.000000000000000000e+00,0.000000000000000000e+00,0.000000000000000000e+00,0.000000000000000000e+00,0.000000000000000000e+00,0.000000000000000000e+00,0.000000000000000000e+00,0.000000000000000000e+00,0.000000000000000000e+00,0.000000000000000000e+00,0.000000000000000000e+00,0.000000000000000000e+00,0.000000000000000000e+00,0.000000000000000000e+00,2.623858182772639976e-04,2.062723755102387278e-04,0.000000000000000000e+00,0.000000000000000000e+00,0.000000000000000000e+00,0.000000000000000000e+00,0.000000000000000000e+00,0.000000000000000000e+00,0.000000000000000000e+00,0.000000000000000000e+00,0.000000000000000000e+00,0.000000000000000000e+00,0.000000000000000000e+00,0.000000000000000000e+00,0.000000000000000000e+00,0.000000000000000000e+00,0.000000000000000000e+00,0.000000000000000000e+00,0.000000000000000000e+00,0.000000000000000000e+00,0.000000000000000000e+00,0.000000000000000000e+00,0.000000000000000000e+00,0.000000000000000000e+00,0.000000000000000000e+00,0.000000000000000000e+00,0.000000000000000000e+00,0.000000000000000000e+00,0.000000000000000000e+00,0.000000000000000000e+00,0.000000000000000000e+00,0.000000000000000000e+00,0.000000000000000000e+00,0.000000000000000000e+00,1.090452169330640521e-04,1.127067623307533072e-04,2.139076393050275333e-04,6.424945558750062814e-05,1.462351550274838363e-04,9.340235726614833089e-05,1.753571685126426504e-04,6.769257410534945706e-05,7.158030107596227297e-05,0.000000000000000000e+00,2.230602648799126362e-05,0.000000000000000000e+00,0.000000000000000000e+00,0.000000000000000000e+00,0.000000000000000000e+00,0.000000000000000000e+00,0.000000000000000000e+00,0.000000000000000000e+00,0.000000000000000000e+00,0.000000000000000000e+00
1.386145058756476170e-04,7.226907315091836924e-05,6.893847984413078870e-05,0.000000000000000000e+00,3.353815554311105488e-05,8.950498291146959822e-05,8.431970532900310634e-05,0.000000000000000000e+00,1.700136744516313441e-04,0.000000000000000000e+00,1.299624597123742742e-04,0.000000000000000000e+00,9.444072037835062365e-05,0.000000000000000000e+00,3.747123004586512313e-05,0.000000000000000000e+00,0.000000000000000000e+00,8.804522835502396499e-06,2.460333237512083988e-04,6.346208208138447821e-05,4.163474407012245266e-05,0.000000000000000000e+00,1.398698862459933526e-04,1.311343270677826423e-04,9.446396738355483332e-05,6.911787182977629596e-05,9.263584024198171516e-05,0.000000000000000000e+00,0.000000000000000000e+00,0.000000000000000000e+00,0.000000000000000000e+00,0.000000000000000000e+00,0.000000000000000000e+00,0.000000000000000000e+00,0.000000000000000000e+00,0.000000000000000000e+00,0.000000000000000000e+00,0.000000000000000000e+00,0.000000000000000000e+00,0.000000000000000000e+00,0.000000000000000000e+00,0.000000000000000000e+00,0.000000000000000000e+00,1.018912341715166653e-03,1.025893319925228831e-03,6.666900033779231058e-04,2.343740622171022682e-04,2.569890340700202853e-05,0.000000000000000000e+00,0.000000000000000000e+00,0.000000000000000000e+00,0.000000000000000000e+00,0.000000000000000000e+00,0.000000000000000000e+00,0.000000000000000000e+00,0.000000000000000000e+00,0.000000000000000000e+00,2.347658650337421256e-04,0.000000000000000000e+00,0.000000000000000000e+00,0.000000000000000000e+00,0.000000000000000000e+00,0.000000000000000000e+00,0.000000000000000000e+00,0.000000000000000000e+00,0.000000000000000000e+00,0.000000000000000000e+00,0.000000000000000000e+00,0.000000000000000000e+00,0.000000000000000000e+00,0.000000000000000000e+00,0.000000000000000000e+00,0.000000000000000000e+00,1.175837134939710065e-04,3.111142877785748719e-04,1.685249759108932498e-04,4.569748345332952984e-04,1.639492544914812047e-04,0.000000000000000000e+00,0.000000000000000000e+00,0.000000000000000000e+00,0.000000000000000000e+00,0.000000000000000000e+00,0.000000000000000000e+00,0.000000000000000000e+00,0.000000000000000000e+00,0.000000000000000000e+00,0.000000000000000000e+00,0.000000000000000000e+00,0.000000000000000000e+00,0.000000000000000000e+00,0.000000000000000000e+00,0.000000000000000000e+00,0.000000000000000000e+00,0.000000000000000000e+00,0.000000000000000000e+00,0.000000000000000000e+00,0.000000000000000000e+00,0.000000000000000000e+00,0.000000000000000000e+00,0.000000000000000000e+00,0.000000000000000000e+00,0.000000000000000000e+00,0.000000000000000000e+00,0.000000000000000000e+00,0.000000000000000000e+00,0.000000000000000000e+00,4.605137016069825272e-05,1.013128531238223680e-04,1.082682192597034389e-04,5.781489926984537613e-05,5.865554979525831089e-05,1.462020413983555896e-04,5.845840064094305074e-05,1.005692668303840334e-04,9.607097996096532774e-05,1.251127714451629121e-05,9.037047598378683988e-05,0.000000000000000000e+00,0.000000000000000000e+00,0.000000000000000000e+00,0.000000000000000000e+00,0.000000000000000000e+00,0.000000000000000000e+00,0.000000000000000000e+00,0.000000000000000000e+00,0.000000000000000000e+00,0.000000000000000000e+00
1.403071133818809479e-04,9.983745640919783953e-06,9.806377796782770424e-05,0.000000000000000000e+00,1.006756266869696326e-04,0.000000000000000000e+00,1.367554578479172813e-04,2.004415696148850458e-05,1.437428397505325186e-04,1.252144131285466558e-04,1.858057865497182205e-04,3.137806842796476146e-05,1.409510981045548612e-04,9.961189988791748417e-05,1.180810954806797963e-04,2.086585827687761956e-05,7.166992682681196092e-05,8.798015137392208571e-05,3.194921835869941006e-05,4.502400522403530336e-05,8.412856993960025312e-05,1.227156757122715297e-04,2.540691735181105411e-05,1.517223044130183338e-04,1.273262435617820781e-04,0.000000000000000000e+00,7.870671788873267365e-05,4.886434137415021222e-05,0.000000000000000000e+00,0.000000000000000000e+00,0.000000000000000000e+00,0.000000000000000000e+00,0.000000000000000000e+00,0.000000000000000000e+00,0.000000000000000000e+00,0.000000000000000000e+00,0.000000000000000000e+00,0.000000000000000000e+00,0.000000000000000000e+00,0.000000000000000000e+00,0.000000000000000000e+00,0.000000000000000000e+00,2.844996217110909830e-05,4.350659964760658833e-04,1.080140035629444106e-03,4.387560509056925287e-04,2.390154282983139166e-04,2.374261326456354694e-04,2.444634323494784237e-04,0.000000000000000000e+00,7.612815893110991782e-05,0.000000000000000000e+00,0.000000000000000000e+00,0.000000000000000000e+00,0.000000000000000000e+00,0.000000000000000000e+00,0.000000000000000000e+00,4.713177445198219199e-05,0.000000000000000000e+00,0.000000000000000000e+00,0.000000000000000000e+00,0.000000000000000000e+00,0.000000000000000000e+00,0.000000000000000000e+00,0.000000000000000000e+00,0.000000000000000000e+00,0.000000000000000000e+00,0.000000000000000000e+00,0.000000000000000000e+00,0.000000000000000000e+00,0.000000000000000000e+00,0.000000000000000000e+00,0.000000000000000000e+00,1.043094691039630519e-04,3.255521468467959564e-04,1.146024726984778654e-04,2.615371433185090786e-04,3.763834544878161335e-04,8.965349843404211766e-05,8.621087508805968971e-05,4.791156856762196969e-04,0.000000000000000000e+00,0.000000000000000000e+00,0.000000000000000000e+00,2.880272867487776076e-05,0.000000000000000000e+00,0.000000000000000000e+00,0.000000000000000000e+00,0.000000000000000000e+00,0.000000000000000000e+00,0.000000000000000000e+00,0.000000000000000000e+00,0.000000000000000000e+00,0.000000000000000000e+00,0.000000000000000000e+00,0.000000000000000000e+00,0.000000000000000000e+00,0.000000000000000000e+00,0.000000000000000000e+00,0.000000000000000000e+00,0.000000000000000000e+00,0.000000000000000000e+00,0.000000000000000000e+00,0.000000000000000000e+00,0.000000000000000000e+00,0.000000000000000000e+00,0.000000000000000000e+00,5.741593491631746403e-05,4.451058042554220949e-05,1.310444833537026312e-04,7.319943336437487766e-05,2.024045489769497506e-04,0.000000000000000000e+00,1.267977565463753776e-04,8.812536888967295926e-05,1.124015422396466808e-04,1.504922832090578577e-04,3.484164925615580347e-05,1.422357820330353372e-05,0.000000000000000000e+00,0.000000000000000000e+00,0.000000000000000000e+00,0.000000000000000000e+00,0.000000000000000000e+00,0.000000000000000000e+00,0.000000000000000000e+00,0.000000000000000000e+00,0.000000000000000000e+00
1.282537661228970493e-04,0.000000000000000000e+00,4.744444871559654151e-05,0.000000000000000000e+00,1.212321087092379115e-05,4.360769942421511641e-05,1.338985824739374886e-04,7.359960925543945873e-05,1.278287240648199523e-04,7.246666839825968015e-05,8.396656757081634318e-05,7.435252555114362893e-05,3.972006966572646776e-05,0.000000000000000000e+00,5.140955645555250265e-05,0.000000000000000000e+00,3.037687716267455207e-05,6.565304308956876789e-05,0.000000000000000000e+00,0.000000000000000000e+00,0.000000000000000000e+00,8.768306402907383905e-05,1.208739392753758541e-04,1.329699741931505811e-04,3.089544128550313715e-06,1.429021067136201266e-04,1.011896694000710147e-04,1.395577931163977038e-04,0.000000000000000000e+00,0.000000000000000000e+00,0.000000000000000000e+00,0.000000000000000000e+00,0.000000000000000000e+00,0.000000000000000000e+00,0.000000000000000000e+00,0.000000000000000000e+00,0.000000000000000000e+00,0.000000000000000000e+00,0.000000000000000000e+00,0.000000000000000000e+00,0.000000000000000000e+00,0.000000000000000000e+00,2.828059174167577017e-04,4.124383574855953224e-04,6.153117723192724504e-04,4.199392897119314525e-04,2.064809976380373277e-04,1.866615350428729562e-04,4.617674831398261730e-05,0.000000000000000000e+00,0.000000000000000000e+00,0.000000000000000000e+00,0.000000000000000000e+00,0.000000000000000000e+00,0.000000000000000000e+00,0.000000000000000000e+00,0.000000000000000000e+00,0.000000000000000000e+00,0.000000000000000000e+00,0.000000000000000000e+00,0.000000000000000000e+00,0.000000000000000000e+00,0.000000000000000000e+00,0.000000000000000000e+00,0.000000000000000000e+00,0.000000000000000000e+00,0.000000000000000000e+00,0.000000000000000000e+00,0.000000000000000000e+00,0.000000000000000000e+00,0.000000000000000000e+00,0.000000000000000000e+00,0.000000000000000000e+00,0.000000000000000000e+00,1.166562408525018585e-04,1.071967345918333207e-04,3.929218871971467634e-04,4.270100541241411154e-04,2.489787052093163583e-04,3.830287182495674397e-05,2.589931739415330506e-05,1.221664198123023756e-04,4.486281440354695203e-05,0.000000000000000000e+00,0.000000000000000000e+00,0.000000000000000000e+00,0.000000000000000000e+00,0.000000000000000000e+00,0.000000000000000000e+00,0.000000000000000000e+00,0.000000000000000000e+00,0.000000000000000000e+00,0.000000000000000000e+00,0.000000000000000000e+00,0.000000000000000000e+00,0.000000000000000000e+00,0.000000000000000000e+00,0.000000000000000000e+00,0.000000000000000000e+00,0.000000000000000000e+00,0.000000000000000000e+00,0.000000000000000000e+00,0.000000000000000000e+00,0.000000000000000000e+00,0.000000000000000000e+00,0.000000000000000000e+00,0.000000000000000000e+00,0.000000000000000000e+00,6.377119601326124198e-05,0.000000000000000000e+00,7.743762802723476077e-05,6.046807103357820746e-05,5.997514362590788002e-05,6.418780492899531101e-05,3.986818355384784662e-05,1.070053945793285035e-04,8.823367510709238825e-05,9.807221372983881871e-05,0.000000000000000000e+00,0.000000000000000000e+00,0.000000000000000000e+00,0.000000000000000000e+00,0.000000000000000000e+00,0.000000000000000000e+00,0.000000000000000000e+00,0.000000000000000000e+00,0.000000000000000000e+00,0.000000000000000000e+00
1.304742368312426847e-04,0.000000000000000000e+00,4.258586459557231431e-05,4.000723043729449534e-05,1.851403104881518239e-04,4.313893814385896298e-05,1.397012144347400074e-04,8.334613697770754906e-05,1.335569474113901776e-04,4.537980994538447037e-05,1.355686661865070552e-04,0.000000000000000000e+00,8.265399109474300056e-05,6.432731032261196336e-05,0.000000000000000000e+00,0.000000000000000000e+00,0.000000000000000000e+00,0.000000000000000000e+00,0.000000000000000000e+00,0.000000000000000000e+00,0.000000000000000000e+00,0.000000000000000000e+00,0.000000000000000000e+00,0.000000000000000000e+00,6.991232509461453549e-05,1.606304213394405629e-04,3.908840561292766755e-05,0.000000000000000000e+00,0.000000000000000000e+00,0.000000000000000000e+00,0.000000000000000000e+00,0.000000000000000000e+00,0.000000000000000000e+00,0.000000000000000000e+00,0.000000000000000000e+00,0.000000000000000000e+00,0.000000000000000000e+00,0.000000000000000000e+00,0.000000000000000000e+00,0.000000000000000000e+00,0.000000000000000000e+00,0.000000000000000000e+00,0.000000000000000000e+00,6.072002554455803924e-04,2.213179987418393212e-04,4.925768270443095509e-04,5.370682871502974247e-05,2.171374499508276596e-04,2.183012966986940786e-04,8.651089151004346495e-05,0.000000000000000000e+00,0.000000000000000000e+00,0.000000000000000000e+00,0.000000000000000000e+00,0.000000000000000000e+00,0.000000000000000000e+00,0.000000000000000000e+00,0.000000000000000000e+00,0.000000000000000000e+00,0.000000000000000000e+00,0.000000000000000000e+00,0.000000000000000000e+00,0.000000000000000000e+00,0.000000000000000000e+00,0.000000000000000000e+00,0.000000000000000000e+00,0.000000000000000000e+00,0.000000000000000000e+00,0.000000000000000000e+00,0.000000000000000000e+00,0.000000000000000000e+00,0.000000000000000000e+00,0.000000000000000000e+00,1.628159103611315363e-05,0.000000000000000000e+00,4.210302808485340709e-04,4.938461018106936117e-05,3.445767535045905663e-04,1.449489446187686719e-04,1.484596347334215128e-04,2.115953385313594826e-05,3.644863503941845126e-05,1.038393641097726803e-04,4.990547668234006178e-05,0.000000000000000000e+00,0.000000000000000000e+00,0.000000000000000000e+00,0.000000000000000000e+00,0.000000000000000000e+00,0.000000000000000000e+00,0.000000000000000000e+00,0.000000000000000000e+00,0.000000000000000000e+00,0.000000000000000000e+00,0.000000000000000000e+00,0.000000000000000000e+00,0.000000000000000000e+00,0.000000000000000000e+00,0.000000000000000000e+00,0.000000000000000000e+00,0.000000000000000000e+00,0.000000000000000000e+00,0.000000000000000000e+00,0.000000000000000000e+00,0.000000000000000000e+00,0.000000000000000000e+00,0.000000000000000000e+00,1.962707445349222700e-05,1.132845830146322804e-04,1.358888306594467686e-04,9.060981977833465148e-05,1.196204676418116100e-04,6.883006954721975249e-05,7.930501611489599852e-05,1.335273429275237909e-04,1.549648687953359143e-04,6.741458957664941195e-05,2.824287967345999871e-05,0.000000000000000000e+00,0.000000000000000000e+00,0.000000000000000000e+00,0.000000000000000000e+00,0.000000000000000000e+00,0.000000000000000000e+00,0.000000000000000000e+00,0.000000000000000000e+00,0.000000000000000000e+00,0.000000000000000000e+00
1.957398591468888357e-04,0.000000000000000000e+00,8.664936218073195551e-05,0.000000000000000000e+00,8.748286578662696185e-05,3.611273671139991531e-05,3.135161077808790143e-05,0.000000000000000000e+00,6.916888941233883474e-05,6.501879633874199833e-05,3.420178259986044502e-05,1.703650501106641121e-04,7.544736369222516459e-05,0.000000000000000000e+00,3.630920201749811510e-05,2.244104895689424411e-05,0.000000000000000000e+00,0.000000000000000000e+00,0.000000000000000000e+00,0.000000000000000000e+00,0.000000000000000000e+00,0.000000000000000000e+00,0.000000000000000000e+00,0.000000000000000000e+00,0.000000000000000000e+00,0.000000000000000000e+00,2.165865742319023199e-04,0.000000000000000000e+00,0.000000000000000000e+00,0.000000000000000000e+00,0.000000000000000000e+00,0.000000000000000000e+00,0.000000000000000000e+00,0.000000000000000000e+00,0.000000000000000000e+00,0.000000000000000000e+00,0.000000000000000000e+00,0.000000000000000000e+00,0.000000000000000000e+00,0.000000000000000000e+00,0.000000000000000000e+00,0.000000000000000000e+00,0.000000000000000000e+00,7.053185495337816781e-04,4.515657972622109115e-04,2.426291162187878595e-04,2.383095545454185350e-04,2.635891777704241407e-04,1.901669208374717529e-04,2.932712601692548512e-04,0.000000000000000000e+00,0.000000000000000000e+00,1.580029556541709602e-05,0.000000000000000000e+00,0.000000000000000000e+00,0.000000000000000000e+00,0.000000000000000000e+00,0.000000000000000000e+00,0.000000000000000000e+00,0.000000000000000000e+00,0.000000000000000000e+00,0.000000000000000000e+00,0.000000000000000000e+00,0.000000000000000000e+00,0.000000000000000000e+00,0.000000000000000000e+00,0.000000000000000000e+00,0.000000000000000000e+00,0.000000000000000000e+00,0.000000000000000000e+00,0.000000000000000000e+00,0.000000000000000000e+00,0.000000000000000000e+00,3.192727767817159917e-04,2.022652672452876152e-04,2.923270268378821719e-04,1.880474714020977740e-04,2.577705984091134333e-04,2.105269500252742658e-04,7.499274322616940000e-05,0.000000000000000000e+00,0.000000000000000000e+00,0.000000000000000000e+00,1.308112838767322254e-04,1.104521754949635241e-04,0.000000000000000000e+00,0.000000000000000000e+00,0.000000000000000000e+00,0.000000000000000000e+00,0.000000000000000000e+00,0.000000000000000000e+00,0.000000000000000000e+00,0.000000000000000000e+00,0.000000000000000000e+00,0.000000000000000000e+00,0.000000000000000000e+00,0.000000000000000000e+00,0.000000000000000000e+00,0.000000000000000000e+00,0.000000000000000000e+00,0.000000000000000000e+00,0.000000000000000000e+00,0.000000000000000000e+00,0.000000000000000000e+00,0.000000000000000000e+00,0.000000000000000000e+00,0.000000000000000000e+00,1.048167899548014224e-04,6.250557119513685579e-05,1.055118892079314759e-04,2.584534886026016565e-05,6.800466095642138434e-05,0.000000000000000000e+00,9.880725146783072112e-05,5.407006345720996165e-05,1.088395797900438216e-04,9.638266250377086402e-05,3.650746831452935569e-05,0.000000000000000000e+00,0.000000000000000000e+00,0.000000000000000000e+00,0.000000000000000000e+00,0.000000000000000000e+00,0.000000000000000000e+00,0.000000000000000000e+00,0.000000000000000000e+00,0.000000000000000000e+00,0.000000000000000000e+00
1.580595566827496467e-04,0.000000000000000000e+00,7.821302490961387296e-05,0.000000000000000000e+00,9.001044907653439587e-05,6.249240509742947541e-05,1.261351618785857154e-04,1.029463914716523357e-04,5.357419678335667812e-05,1.039102501991018062e-04,6.123238814315597515e-05,7.034367058395158149e-05,8.803246900922802049e-05,9.412257963619367505e-05,2.087309162410836029e-05,0.000000000000000000e+00,0.000000000000000000e+00,0.000000000000000000e+00,0.000000000000000000e+00,0.000000000000000000e+00,0.000000000000000000e+00,0.000000000000000000e+00,0.000000000000000000e+00,0.000000000000000000e+00,0.000000000000000000e+00,0.000000000000000000e+00,0.000000000000000000e+00,0.000000000000000000e+00,0.000000000000000000e+00,0.000000000000000000e+00,0.000000000000000000e+00,0.000000000000000000e+00,0.000000000000000000e+00,0.000000000000000000e+00,0.000000000000000000e+00,0.000000000000000000e+00,0.000000000000000000e+00,0.000000000000000000e+00,0.000000000000000000e+00,0.000000000000000000e+00,0.000000000000000000e+00,0.000000000000000000e+00,0.000000000000000000e+00,7.777589243827636150e-05,8.668976721518716413e-04,2.150503081967820558e-04,3.759118718651488565e-04,0.000000000000000000e+00,2.688864134997950329e-04,2.054573516234355090e-04,2.549534743673137504e-04,8.645318989273087366e-05,2.100503977368388625e-04,3.242368257114562309e-04,0.000000000000000000e+00,0.000000000000000000e+00,0.000000000000000000e+00,0.000000000000000000e+00,0.000000000000000000e+00,0.000000000000000000e+00,0.000000000000000000e+00,0.000000000000000000e+00,0.000000000000000000e+00,0.000000000000000000e+00,0.000000000000000000e+00,0.000000000000000000e+00,0.000000000000000000e+00,0.000000000000000000e+00,0.000000000000000000e+00,0.000000000000000000e+00,0.000000000000000000e+00,0.000000000000000000e+00,0.000000000000000000e+00,1.367732804987192494e-04,2.566688516301006851e-04,2.610953592500714023e-04,2.739774010630052444e-04,3.012698893187969401e-04,0.000000000000000000e+00,2.799135940855506611e-06,4.512219831375260557e-05,6.908770174695374328e-05,0.000000000000000000e+00,6.108025968195431650e-05,0.000000000000000000e+00,0.000000000000000000e+00,0.000000000000000000e+00,0.000000000000000000e+00,0.000000000000000000e+00,0.000000000000000000e+00,0.000000000000000000e+00,0.000000000000000000e+00,0.000000000000000000e+00,0.000000000000000000e+00,0.000000000000000000e+00,0.000000000000000000e+00,0.000000000000000000e+00,0.000000000000000000e+00,0.000000000000000000e+00,0.000000000000000000e+00,0.000000000000000000e+00,0.000000000000000000e+00,0.000000000000000000e+00,0.000000000000000000e+00,0.000000000000000000e+00,0.000000000000000000e+00,1.009272138948157331e-05,3.772180508885167815e-05,7.025010598297986555e-05,9.249659444202251886e-05,2.389970176561652013e-05,1.233536800377638490e-04,2.949096567660564953e-05,6.086563534158742649e-05,2.836609087825661660e-05,1.439560123982102410e-04,4.939225632298642016e-05,5.911297940947823464e-05,0.000000000000000000e+00,0.000000000000000000e+00,0.000000000000000000e+00,0.000000000000000000e+00,0.000000000000000000e+00,0.000000000000000000e+00,0.000000000000000000e+00,0.000000000000000000e+00,0.000000000000000000e+00,0.000000000000000000e+00
1.007084000881703424e-04,3.937137099947625701e-05,1.038811835084998221e-04,0.000000000000000000e+00,0.000000000000000000e+00,5.241627349952032770e-05,6.685532975119726391e-05,0.000000000000000000e+00,0.000000000000000000e+00,8.480221717832192544e-06,1.211666683236559095e-04,4.881850571508250091e-05,1.135567133300859126e-04,3.168604971632381210e-05,8.307877571282550966e-05,0.000000000000000000e+00,0.000000000000000000e+00,0.000000000000000000e+00,0.000000000000000000e+00,0.000000000000000000e+00,0.000000000000000000e+00,0.000000000000000000e+00,0.000000000000000000e+00,0.000000000000000000e+00,0.000000000000000000e+00,0.000000000000000000e+00,0.000000000000000000e+00,0.000000000000000000e+00,0.000000000000000000e+00,0.000000000000000000e+00,0.000000000000000000e+00,0.000000000000000000e+00,0.000000000000000000e+00,0.000000000000000000e+00,0.000000000000000000e+00,0.000000000000000000e+00,0.000000000000000000e+00,0.000000000000000000e+00,0.000000000000000000e+00,0.000000000000000000e+00,0.000000000000000000e+00,0.000000000000000000e+00,0.000000000000000000e+00,0.000000000000000000e+00,7.381924005253476251e-04,4.913229009900313719e-04,2.577397063853332495e-04,2.152149024797224126e-04,7.846597774776744953e-05,2.090149505911137061e-04,1.908338565137676873e-04,1.460252758920923871e-04,1.883908426025596963e-04,6.241026414213671875e-05,1.562433302827515350e-04,0.000000000000000000e+00,0.000000000000000000e+00,0.000000000000000000e+00,0.000000000000000000e+00,0.000000000000000000e+00,0.000000000000000000e+00,0.000000000000000000e+00,0.000000000000000000e+00,0.000000000000000000e+00,0.000000000000000000e+00,0.000000000000000000e+00,0.000000000000000000e+00,0.000000000000000000e+00,0.000000000000000000e+00,0.000000000000000000e+00,0.000000000000000000e+00,0.000000000000000000e+00,0.000000000000000000e+00,1.696585598105582009e-04,1.595693979331531747e-04,8.699148572963378212e-05,0.000000000000000000e+00,2.797142548014546740e-05,2.665229082885508106e-04,1.285680758654009226e-04,2.628882302968414193e-05,0.000000000000000000e+00,0.000000000000000000e+00,0.000000000000000000e+00,0.000000000000000000e+00,6.424906057094589720e-05,2.655608470511348256e-04,2.557084359192157553e-05,1.171306886258708968e-04,0.000000000000000000e+00,0.000000000000000000e+00,0.000000000000000000e+00,0.000000000000000000e+00,0.000000000000000000e+00,0.000000000000000000e+00,0.000000000000000000e+00,0.000000000000000000e+00,0.000000000000000000e+00,0.000000000000000000e+00,0.000000000000000000e+00,0.000000000000000000e+00,0.000000000000000000e+00,0.000000000000000000e+00,0.000000000000000000e+00,0.000000000000000000e+00,2.709725969276719718e-05,1.805026960709313569e-05,8.647703582458936733e-06,5.282347249628143197e-05,7.210804249560708829e-06,0.000000000000000000e+00,1.497551974352737898e-05,9.789955696459013595e-05,3.918635950998850453e-05,8.838350023845152983e-05,7.018599348361254922e-05,7.129683190170061930e-05,4.107283215569404596e-05,0.000000000000000000e+00,0.000000000000000000e+00,0.000000000000000000e+00,0.000000000000000000e+00,0.000000000000000000e+00,0.000000000000000000e+00,0.000000000000000000e+00,0.000000000000000000e+00,0.000000000000000000e+00,0.000000000000000000e+00
8.884414385995525782e-05,7.730389750365790173e-05,7.682545865722917766e-05,8.959492826422874468e-05,6.193523577097500470e-05,1.132231930442318145e-04,2.091355464748962008e-05,7.963004697689147430e-05,5.514153115952043286e-05,7.066875986206988059e-05,9.571046611159942145e-05,7.468125850543613125e-05,9.574022620608607702e-05,8.337863549432162193e-05,0.000000000000000000e+00,0.000000000000000000e+00,0.000000000000000000e+00,0.000000000000000000e+00,0.000000000000000000e+00,0.000000000000000000e+00,0.000000000000000000e+00,0.000000000000000000e+00,0.000000000000000000e+00,0.000000000000000000e+00,0.000000000000000000e+00,0.000000000000000000e+00,0.000000000000000000e+00,0.000000000000000000e+00,0.000000000000000000e+00,0.000000000000000000e+00,0.000000000000000000e+00,0.000000000000000000e+00,0.000000000000000000e+00,0.000000000000000000e+00,0.000000000000000000e+00,0.000000000000000000e+00,0.000000000000000000e+00,0.000000000000000000e+00,0.000000000000000000e+00,0.000000000000000000e+00,0.000000000000000000e+00,0.000000000000000000e+00,0.000000000000000000e+00,0.000000000000000000e+00,1.310857137855063915e-04,6.407220521871608791e-04,3.008702926897024554e-04,3.527599054941599199e-04,7.532897517937914190e-06,1.689879975739940322e-04,2.927526653433890720e-04,1.459075147324744688e-04,3.272106565867705552e-04,3.950601438761676821e-04,2.075038542479595827e-04,0.000000000000000000e+00,0.000000000000000000e+00,0.000000000000000000e+00,0.000000000000000000e+00,0.000000000000000000e+00,0.000000000000000000e+00,0.000000000000000000e+00,0.000000000000000000e+00,0.000000000000000000e+00,0.000000000000000000e+00,0.000000000000000000e+00,0.000000000000000000e+00,0.000000000000000000e+00,0.000000000000000000e+00,0.000000000000000000e+00,0.000000000000000000e+00,0.000000000000000000e+00,0.000000000000000000e+00,1.626144427607410178e-06,1.210550316788054924e-04,5.663646088268794825e-05,0.000000000000000000e+00,9.771273946272380302e-05,7.221020231923630343e-05,2.106987616256139704e-04,4.101594185981050729e-05,2.565747503495564960e-04,0.000000000000000000e+00,0.000000000000000000e+00,9.079869614286246505e-05,8.488734316461891581e-05,0.000000000000000000e+00,9.246326209205113164e-05,3.566600970767663884e-05,0.000000000000000000e+00,0.000000000000000000e+00,0.000000000000000000e+00,0.000000000000000000e+00,0.000000000000000000e+00,0.000000000000000000e+00,0.000000000000000000e+00,0.000000000000000000e+00,0.000000000000000000e+00,0.000000000000000000e+00,0.000000000000000000e+00,0.000000000000000000e+00,0.000000000000000000e+00,0.000000000000000000e+00,0.000000000000000000e+00,1.351301712673284600e-04,2.348835759629867165e-05,0.000000000000000000e+00,4.425084688614661881e-06,5.097156966424148917e-05,8.980244901160612677e-05,7.039631169591973410e-05,1.288875757130383327e-04,5.217655025356563608e-05,7.671486330727564026e-05,7.602004555381468829e-05,4.805698874070197201e-05,4.535079713139786095e-05,0.000000000000000000e+00,0.000000000000000000e+00,0.000000000000000000e+00,0.000000000000000000e+00,0.000000000000000000e+00,0.000000000000000000e+00,0.000000000000000000e+00,0.000000000000000000e+00,0.000000000000000000e+00,0.000000000000000000e+00,0.000000000000000000e+00
1.230957170520598860e-04,2.706313261438032463e-05,7.075276829228663192e-05,6.858728022957917819e-05,5.582632386105139746e-06,0.000000000000000000e+00,4.300491385985836211e-05,1.723664831711728537e-05,4.332435515763523537e-05,3.799793725099062647e-05,6.546002033374349167e-05,1.765394253125664409e-04,1.086795801164752472e-05,0.000000000000000000e+00,0.000000000000000000e+00,0.000000000000000000e+00,0.000000000000000000e+00,0.000000000000000000e+00,0.000000000000000000e+00,0.000000000000000000e+00,0.000000000000000000e+00,0.000000000000000000e+00,0.000000000000000000e+00,0.000000000000000000e+00,0.000000000000000000e+00,0.000000000000000000e+00,0.000000000000000000e+00,0.000000000000000000e+00,0.000000000000000000e+00,0.000000000000000000e+00,0.000000000000000000e+00,0.000000000000000000e+00,0.000000000000000000e+00,0.000000000000000000e+00,0.000000000000000000e+00,0.000000000000000000e+00,0.000000000000000000e+00,0.000000000000000000e+00,0.000000000000000000e+00,0.000000000000000000e+00,0.000000000000000000e+00,0.000000000000000000e+00,0.000000000000000000e+00,0.000000000000000000e+00,0.000000000000000000e+00,8.067598295839694365e-04,4.339352050474968702e-04,3.993645870629634344e-04,2.179306241258540213e-04,1.754477830374204022e-04,6.616022765161052460e-05,1.177260082918630364e-04,1.176291605937027323e-04,3.838272680854387729e-04,0.000000000000000000e+00,0.000000000000000000e+00,0.000000000000000000e+00,0.000000000000000000e+00,0.000000000000000000e+00,0.000000000000000000e+00,0.000000000000000000e+00,0.000000000000000000e+00,0.000000000000000000e+00,0.000000000000000000e+00,0.000000000000000000e+00,0.000000000000000000e+00,0.000000000000000000e+00,0.000000000000000000e+00,0.000000000000000000e+00,0.000000000000000000e+00,0.000000000000000000e+00,0.000000000000000000e+00,1.397073996221559326e-04,9.183386138232625250e-05,0.000000000000000000e+00,1.782475464755701479e-04,9.022860415040769770e-05,0.000000000000000000e+00,0.000000000000000000e+00,2.236061484786290771e-04,0.000000000000000000e+00,1.713462504792783055e-04,1.105727625837011669e-04,1.194194114541421634e-04,0.000000000000000000e+00,1.654708001625653565e-05,1.810817888793046912e-04,1.730721440107132927e-04,1.340825334109136595e-04,0.000000000000000000e+00,0.000000000000000000e+00,0.000000000000000000e+00,0.000000000000000000e+00,0.000000000000000000e+00,0.000000000000000000e+00,0.000000000000000000e+00,0.000000000000000000e+00,0.000000000000000000e+00,0.000000000000000000e+00,0.000000000000000000e+00,0.000000000000000000e+00,0.000000000000000000e+00,0.000000000000000000e+00,8.836657623054662320e-05,6.627107948743261661e-05,1.105573958857778463e-04,2.623330698430288116e-05,1.353492479300961798e-04,1.026867098007888398e-05,1.515285558732530299e-04,1.025879067695645714e-04,9.988974328148744362e-05,6.720051274392364784e-05,6.012607931874497895e-05,4.035283182992894217e-05,8.524780759481301014e-05,6.761222485964976919e-05,0.000000000000000000e+00,0.000000000000000000e+00,0.000000000000000000e+00,0.000000000000000000e+00,0.000000000000000000e+00,0.000000000000000000e+00,0.000000000000000000e+00,0.000000000000000000e+00,0.000000000000000000e+00,0.000000000000000000e+00,0.000000000000000000e+00
0.000000000000000000e+00,0.000000000000000000e+00,6.106604238971021913e-05,0.000000000000000000e+00,1.690126441050936840e-04,6.323979404118581405e-07,9.431405206081726464e-05,0.000000000000000000e+00,9.527377642318688648e-05,9.007371388085005340e-05,3.316294181431604155e-05,0.000000000000000000e+00,0.000000000000000000e+00,0.000000000000000000e+00,0.000000000000000000e+00,0.000000000000000000e+00,0.000000000000000000e+00,0.000000000000000000e+00,0.000000000000000000e+00,0.000000000000000000e+00,0.000000000000000000e+00,0.000000000000000000e+00,0.000000000000000000e+00,0.000000000000000000e+00,0.000000000000000000e+00,0.000000000000000000e+00,0.000000000000000000e+00,0.000000000000000000e+00,0.000000000000000000e+00,0.000000000000000000e+00,0.000000000000000000e+00,0.000000000000000000e+00,0.000000000000000000e+00,0.000000000000000000e+00,0.000000000000000000e+00,0.000000000000000000e+00,0.000000000000000000e+00,0.000000000000000000e+00,0.000000000000000000e+00,0.000000000000000000e+00,0.000000000000000000e+00,0.000000000000000000e+00,0.000000000000000000e+00,0.000000000000000000e+00,0.000000000000000000e+00,2.049513857508011036e-04,7.404237392940951623e-04,3.101583317999518741e-04,5.194195443986853334e-04,2.760927653991956417e-05,1.645609992442307722e-04,0.000000000000000000e+00,0.000000000000000000e+00,0.000000000000000000e+00,0.000000000000000000e+00,0.000000000000000000e+00,0.000000000000000000e+00,0.000000000000000000e+00,0.000000000000000000e+00,0.000000000000000000e+00,0.000000000000000000e+00,0.000000000000000000e+00,0.000000000000000000e+00,0.000000000000000000e+00,0.000000000000000000e+00,0.000000000000000000e+00,0.000000000000000000e+00,0.000000000000000000e+00,0.000000000000000000e+00,0.000000000000000000e+00,0.000000000000000000e+00,0.000000000000000000e+00,2.941115981574256126e-04,0.000000000000000000e+00,0.000000000000000000e+00,3.589124137769164391e-05,4.004313768276563610e-05,0.000000000000000000e+00,1.670175610568507286e-06,2.603657771804671699e-05,1.494238749579297938e-04,1.709890433445958286e-05,1.083785105412086319e-04,1.047733105145647254e-04,7.092434036288104140e-05,8.158030664529371289e-05,1.063512082257646866e-04,1.331756023662009709e-04,1.496708196975594441e-04,0.000000000000000000e+00,0.000000000000000000e+00,0.000000000000000000e+00,0.000000000000000000e+00,0.000000000000000000e+00,0.000000000000000000e+00,0.000000000000000000e+00,0.000000000000000000e+00,0.000000000000000000e+00,0.000000000000000000e+00,0.000000000000000000e+00,0.000000000000000000e+00,0.000000000000000000e+00,3.705078707002474112e-05,6.917661559818177774e-06,1.210161508856339887e-05,1.044294259201375506e-04,0.000000000000000000e+00,0.000000000000000000e+00,0.000000000000000000e+00,1.152257981180152896e-04,2.174879188152271220e-05,9.955993092141949999e-05,6.479091533692639372e-05,4.332311125999778847e-05,8.007391494026525134e-05,1.041810012662535112e-04,2.137566351833569458e-05,0.000000000000000000e+00,0.000000000000000000e+00,0.000000000000000000e+00,0.000000000000000000e+00,0.000000000000000000e+00,0.000000000000000000e+00,0.000000000000000000e+00,0.000000000000000000e+00,0.000000000000000000e+00,0.000000000000000000e+00,0.000000000000000000e+00
1.168323996574680039e-04,0.000000000000000000e+00,1.295557801197972411e-04,9.860370975700275431e-05,9.563015700079993827e-05,5.150311338179720122e-05,6.933677604374745361e-05,1.494829112204787544e-04,3.070116414571467635e-05,0.000000000000000000e+00,0.000000000000000000e+00,0.000000000000000000e+00,0.000000000000000000e+00,0.000000000000000000e+00,0.000000000000000000e+00,0.000000000000000000e+00,0.000000000000000000e+00,0.000000000000000000e+00,0.000000000000000000e+00,0.000000000000000000e+00,0.000000000000000000e+00,0.000000000000000000e+00,0.000000000000000000e+00,0.000000000000000000e+00,0.000000000000000000e+00,0.000000000000000000e+00,0.000000000000000000e+00,0.000000000000000000e+00,0.000000000000000000e+00,0.000000000000000000e+00,0.000000000000000000e+00,0.000000000000000000e+00,0.000000000000000000e+00,0.000000000000000000e+00,0.000000000000000000e+00,0.000000000000000000e+00,0.000000000000000000e+00,0.000000000000000000e+00,0.000000000000000000e+00,0.000000000000000000e+00,0.000000000000000000e+00,0.000000000000000000e+00,0.000000000000000000e+00,0.000000000000000000e+00,0.000000000000000000e+00,0.000000000000000000e+00,4.954672947298749235e-04,5.273215010457476181e-04,3.126709998642705616e-04,4.696721417084025792e-04,2.235333180039202506e-04,0.000000000000000000e+00,0.000000000000000000e+00,0.000000000000000000e+00,0.000000000000000000e+00,0.000000000000000000e+00,0.000000000000000000e+00,0.000000000000000000e+00,0.000000000000000000e+00,0.000000000000000000e+00,0.000000000000000000e+00,0.000000000000000000e+00,0.000000000000000000e+00,0.000000000000000000e+00,0.000000000000000000e+00,0.000000000000000000e+00,0.000000000000000000e+00,0.000000000000000000e+00,0.000000000000000000e+00,0.000000000000000000e+00,0.000000000000000000e+00,0.000000000000000000e+00,0.000000000000000000e+00,0.000000000000000000e+00,0.000000000000000000e+00,0.000000000000000000e+00,1.824947336313540488e-04,1.979157507276396179e-04,1.906024058425753959e-04,1.875139691249980167e-04,1.246153629669523235e-05,9.106607642905037003e-05,7.288204329791357855e-05,9.313067645325966994e-05,1.765905282976919851e-04,6.366117502392218018e-05,1.699118819221287166e-05,9.462726363665355126e-05,2.195250867875409969e-05,0.000000000000000000e+00,0.000000000000000000e+00,0.000000000000000000e+00,0.000000000000000000e+00,0.000000000000000000e+00,0.000000000000000000e+00,0.000000000000000000e+00,0.000000000000000000e+00,1.402287841439392880e-04,0.000000000000000000e+00,0.000000000000000000e+00,0.000000000000000000e+00,0.000000000000000000e+00,0.000000000000000000e+00,0.000000000000000000e+00,0.000000000000000000e+00,0.000000000000000000e+00,0.000000000000000000e+00,0.000000000000000000e+00,0.000000000000000000e+00,5.734961555763859949e-06,9.404192915469434979e-05,3.497292784547582190e-05,0.000000000000000000e+00,3.494814537847195415e-05,7.531726555477406349e-05,0.000000000000000000e+00,0.000000000000000000e+00,0.000000000000000000e+00,0.000000000000000000e+00,0.000000000000000000e+00,0.000000000000000000e+00,0.000000000000000000e+00,0.000000000000000000e+00,0.000000000000000000e+00,0.000000000000000000e+00,0.000000000000000000e+00,0.000000000000000000e+00,0.000000000000000000e+00
4.061754805169461724e-05,0.000000000000000000e+00,0.000000000000000000e+00,0.000000000000000000e+00,0.000000000000000000e+00,3.327239785295522739e-05,4.791573004669787649e-05,8.420933703579153794e-06,7.849129117977010585e-06,0.000000000000000000e+00,0.000000000000000000e+00,0.000000000000000000e+00,0.000000000000000000e+00,0.000000000000000000e+00,0.000000000000000000e+00,0.000000000000000000e+00,0.000000000000000000e+00,0.000000000000000000e+00,0.000000000000000000e+00,0.000000000000000000e+00,0.000000000000000000e+00,0.000000000000000000e+00,0.000000000000000000e+00,0.000000000000000000e+00,0.000000000000000000e+00,0.000000000000000000e+00,0.000000000000000000e+00,0.000000000000000000e+00,0.000000000000000000e+00,0.000000000000000000e+00,0.000000000000000000e+00,0.000000000000000000e+00,0.000000000000000000e+00,0.000000000000000000e+00,0.000000000000000000e+00,0.000000000000000000e+00,0.000000000000000000e+00,0.000000000000000000e+00,0.000000000000000000e+00,0.000000000000000000e+00,0.000000000000000000e+00,0.000000000000000000e+00,0.000000000000000000e+00,0.000000000000000000e+00,0.000000000000000000e+00,0.000000000000000000e+00,0.000000000000000000e+00,4.283336447045693867e-04,6.191524724676482133e-04,1.310280820337221205e-04,2.094703329585543216e-04,1.373440033274931390e-04,2.882333437187204337e-05,0.000000000000000000e+00,0.000000000000000000e+00,0.000000000000000000e+00,0.000000000000000000e+00,0.000000000000000000e+00,0.000000000000000000e+00,0.000000000000000000e+00,0.000000000000000000e+00,0.000000000000000000e+00,0.000000000000000000e+00,0.000000000000000000e+00,0.000000000000000000e+00,0.000000000000000000e+00,0.000000000000000000e+00,0.000000000000000000e+00,0.000000000000000000e+00,0.000000000000000000e+00,0.000000000000000000e+00,0.000000000000000000e+00,2.140201029153480515e-05,2.482086124874466039e-05,4.649709386566723156e-05,5.133004999055227745e-05,1.067478728215092137e-04,1.344926962490244167e-04,7.676964105040504332e-05,4.403718927607663575e-05,1.664168042278343798e-04,9.803506477136082026e-05,1.181171153110008000e-04,1.948056520362566823e-04,1.618901305792079114e-04,8.498021704391862084e-05,6.199281617368846049e-05,7.630674162101958426e-05,7.977395669199551810e-05,0.000000000000000000e+00,0.000000000000000000e+00,0.000000000000000000e+00,0.000000000000000000e+00,0.000000000000000000e+00,0.000000000000000000e+00,0.000000000000000000e+00,0.000000000000000000e+00,0.000000000000000000e+00,0.000000000000000000e+00,6.149411399736113452e-06,2.623047191676216282e-05,0.000000000000000000e+00,0.000000000000000000e+00,0.000000000000000000e+00,0.000000000000000000e+00,0.000000000000000000e+00,0.000000000000000000e+00,0.000000000000000000e+00,0.000000000000000000e+00,1.264817257497208393e-05,1.321995526456663436e-04,4.498231901717036403e-05,8.531446063721651149e-05,3.361333552018227366e-05,0.000000000000000000e+00,0.000000000000000000e+00,0.000000000000000000e+00,0.000000000000000000e+00,0.000000000000000000e+00,0.000000000000000000e+00,0.000000000000000000e+00,0.000000000000000000e+00,0.000000000000000000e+00,0.000000000000000000e+00,0.000000000000000000e+00,0.000000000000000000e+00,0.000000000000000000e+00,0.000000000000000000e+00
0.000000000000000000e+00,0.000000000000000000e+00,0.000000000000000000e+00,0.000000000000000000e+00,0.000000000000000000e+00,0.000000000000000000e+00,6.352017757362761106e-05,4.358806237124486396e-05,5.203668161045654078e-05,0.000000000000000000e+00,0.000000000000000000e+00,0.000000000000000000e+00,0.000000000000000000e+00,0.000000000000000000e+00,0.000000000000000000e+00,0.000000000000000000e+00,0.000000000000000000e+00,0.000000000000000000e+00,0.000000000000000000e+00,0.000000000000000000e+00,0.000000000000000000e+00,0.000000000000000000e+00,0.000000000000000000e+00,0.000000000000000000e+00,0.000000000000000000e+00,0.000000000000000000e+00,0.000000000000000000e+00,0.000000000000000000e+00,0.000000000000000000e+00,0.000000000000000000e+00,0.000000000000000000e+00,0.000000000000000000e+00,0.000000000000000000e+00,0.000000000000000000e+00,0.000000000000000000e+00,0.000000000000000000e+00,0.000000000000000000e+00,0.000000000000000000e+00,0.000000000000000000e+00,0.000000000000000000e+00,0.000000000000000000e+00,0.000000000000000000e+00,0.000000000000000000e+00,0.000000000000000000e+00,0.000000000000000000e+00,0.000000000000000000e+00,1.085893219513016779e-04,0.000000000000000000e+00,3.802118565533881499e-04,5.137204703292841531e-04,3.157673428964645327e-04,1.763306440873172408e-04,0.000000000000000000e+00,0.000000000000000000e+00,0.000000000000000000e+00,0.000000000000000000e+00,0.000000000000000000e+00,0.000000000000000000e+00,0.000000000000000000e+00,0.000000000000000000e+00,0.000000000000000000e+00,0.000000000000000000e+00,0.000000000000000000e+00,0.000000000000000000e+00,0.000000000000000000e+00,0.000000000000000000e+00,0.000000000000000000e+00,0.000000000000000000e+00,0.000000000000000000e+00,0.000000000000000000e+00,0.000000000000000000e+00,2.595396330253331237e-05,1.188853855832048482e-04,1.068305332534318954e-04,4.933670516459241854e-05,2.032922360580492109e-05,9.478033250305971011e-05,1.696337609632943646e-04,2.367026968315759871e-04,2.630617968071893289e-04,1.130755972488972270e-04,1.579938920624068973e-04,1.585780786959440334e-04,1.267462601952362971e-04,5.961848083609848760e-06,7.256528557040555980e-05,9.387046692633232986e-06,4.795297535421813129e-05,4.555349569917981230e-05,5.943310045019885703e-05,2.057246548870259194e-05,0.000000000000000000e+00,0.000000000000000000e+00,0.000000000000000000e+00,0.000000000000000000e+00,0.000000000000000000e+00,0.000000000000000000e+00,0.000000000000000000e+00,2.383618271505763618e-05,0.000000000000000000e+00,0.000000000000000000e+00,0.000000000000000000e+00,0.000000000000000000e+00,0.000000000000000000e+00,0.000000000000000000e+00,0.000000000000000000e+00,0.000000000000000000e+00,0.000000000000000000e+00,0.000000000000000000e+00,0.000000000000000000e+00,7.090893274890738775e-05,5.970234574419436784e-05,5.374411006207865845e-05,4.196905061283788606e-05,0.000000000000000000e+00,0.000000000000000000e+00,0.000000000000000000e+00,0.000000000000000000e+00,0.000000000000000000e+00,0.000000000000000000e+00,0.000000000000000000e+00,0.000000000000000000e+00,0.000000000000000000e+00,0.000000000000000000e+00,0.000000000000000000e+00,0.000000000000000000e+00,0.000000000000000000e+00,0.000000000000000000e+00
0.000000000000000000e+00,0.000000000000000000e+00,0.000000000000000000e+00,0.000000000000000000e+00,0.000000000000000000e+00,0.000000000000000000e+00,0.000000000000000000e+00,0.000000000000000000e+00,0.000000000000000000e+00,0.000000000000000000e+00,0.000000000000000000e+00,0.000000000000000000e+00,0.000000000000000000e+00,0.000000000000000000e+00,0.000000000000000000e+00,0.000000000000000000e+00,0.000000000000000000e+00,0.000000000000000000e+00,0.000000000000000000e+00,0.000000000000000000e+00,0.000000000000000000e+00,0.000000000000000000e+00,0.000000000000000000e+00,0.000000000000000000e+00,0.000000000000000000e+00,0.000000000000000000e+00,0.000000000000000000e+00,0.000000000000000000e+00,0.000000000000000000e+00,0.000000000000000000e+00,0.000000000000000000e+00,0.000000000000000000e+00,0.000000000000000000e+00,0.000000000000000000e+00,0.000000000000000000e+00,0.000000000000000000e+00,0.000000000000000000e+00,0.000000000000000000e+00,0.000000000000000000e+00,0.000000000000000000e+00,0.000000000000000000e+00,0.000000000000000000e+00,0.000000000000000000e+00,0.000000000000000000e+00,0.000000000000000000e+00,0.000000000000000000e+00,0.000000000000000000e+00,7.315500720930658387e-05,1.551173549798335043e-04,3.029833864082229059e-04,8.840210584433749481e-04,2.913190860929003399e-04,0.000000000000000000e+00,0.000000000000000000e+00,0.000000000000000000e+00,0.000000000000000000e+00,0.000000000000000000e+00,0.000000000000000000e+00,0.000000000000000000e+00,0.000000000000000000e+00,0.000000000000000000e+00,0.000000000000000000e+00,0.000000000000000000e+00,0.000000000000000000e+00,0.000000000000000000e+00,0.000000000000000000e+00,0.000000000000000000e+00,0.000000000000000000e+00,0.000000000000000000e+00,0.000000000000000000e+00,5.502464461276433081e-05,9.297451302750101972e-06,1.227307858611137990e-04,3.041611875106593472e-05,0.000000000000000000e+00,1.505862338648009764e-04,2.203513414905296862e-05,9.016093820188368592e-05,4.368162879937623625e-06,0.000000000000000000e+00,5.525022627386632403e-05,7.418686976877517482e-05,7.411683831304178021e-05,3.495403986376544389e-05,0.000000000000000000e+00,0.000000000000000000e+00,0.000000000000000000e+00,6.943862625814310339e-05,1.284141808499526425e-04,1.494102670914928513e-04,9.226143180870630434e-06,0.000000000000000000e+00,0.000000000000000000e+00,0.000000000000000000e+00,0.000000000000000000e+00,0.000000000000000000e+00,0.000000000000000000e+00,0.000000000000000000e+00,0.000000000000000000e+00,0.000000000000000000e+00,0.000000000000000000e+00,0.000000000000000000e+00,0.000000000000000000e+00,0.000000000000000000e+00,0.000000000000000000e+00,0.000000000000000000e+00,0.000000000000000000e+00,0.000000000000000000e+00,0.000000000000000000e+00,0.000000000000000000e+00,6.105907505756554953e-05,9.310046336747507256e-05,0.000000000000000000e+00,7.528380364269152808e-05,0.000000000000000000e+00,0.000000000000000000e+00,0.000000000000000000e+00,0.000000000000000000e+00,0.000000000000000000e+00,0.000000000000000000e+00,0.000000000000000000e+00,0.000000000000000000e+00,0.000000000000000000e+00,0.000000000000000000e+00,0.000000000000000000e+00,0.000000000000000000e+00,0.000000000000000000e+00,0.000000000000000000e+00
0.000000000000000000e+00,0.000000000000000000e+00,0.000000000000000000e+00,0.000000000000000000e+00,0.000000000000000000e+00,0.000000000000000000e+00,0.000000000000000000e+00,0.000000000000000000e+00,0.000000000000000000e+00,0.000000000000000000e+00,0.000000000000000000e+00,0.000000000000000000e+00,0.000000000000000000e+00,0.000000000000000000e+00,0.000000000000000000e+00,0.000000000000000000e+00,0.000000000000000000e+00,0.000000000000000000e+00,0.000000000000000000e+00,0.000000000000000000e+00,0.000000000000000000e+00,0.000000000000000000e+00,0.000000000000000000e+00,0.000000000000000000e+00,0.000000000000000000e+00,0.000000000000000000e+00,0.000000000000000000e+00,0.000000000000000000e+00,0.000000000000000000e+00,0.000000000000000000e+00,0.000000000000000000e+00,0.000000000000000000e+00,0.000000000000000000e+00,0.000000000000000000e+00,0.000000000000000000e+00,0.000000000000000000e+00,0.000000000000000000e+00,0.000000000000000000e+00,0.000000000000000000e+00,0.000000000000000000e+00,0.000000000000000000e+00,0.000000000000000000e+00,0.000000000000000000e+00,0.000000000000000000e+00,0.000000000000000000e+00,0.000000000000000000e+00,0.000000000000000000e+00,0.000000000000000000e+00,5.274181490057323110e-05,2.131404591907451430e-04,2.466925204602285330e-04,5.388378156322786404e-04,2.353906167791470778e-04,0.000000000000000000e+00,1.679740812477167400e-04,0.000000000000000000e+00,0.000000000000000000e+00,0.000000000000000000e+00,0.000000000000000000e+00,0.000000000000000000e+00,0.000000000000000000e+00,0.000000000000000000e+00,0.000000000000000000e+00,0.000000000000000000e+00,0.000000000000000000e+00,0.000000000000000000e+00,0.000000000000000000e+00,0.000000000000000000e+00,0.000000000000000000e+00,1.602725963167330120e-04,0.000000000000000000e+00,0.000000000000000000e+00,0.000000000000000000e+00,0.000000000000000000e+00,0.000000000000000000e+00,0.000000000000000000e+00,0.000000000000000000e+00,0.000000000000000000e+00,0.000000000000000000e+00,0.000000000000000000e+00,0.000000000000000000e+00,0.000000000000000000e+00,1.383641761426479514e-05,0.000000000000000000e+00,0.000000000000000000e+00,0.000000000000000000e+00,0.000000000000000000e+00,0.000000000000000000e+00,5.011635034557913919e-05,1.165969449206047132e-04,0.000000000000000000e+00,0.000000000000000000e+00,0.000000000000000000e+00,0.000000000000000000e+00,0.000000000000000000e+00,0.000000000000000000e+00,0.000000000000000000e+00,0.000000000000000000e+00,0.000000000000000000e+00,0.000000000000000000e+00,0.000000000000000000e+00,0.000000000000000000e+00,0.000000000000000000e+00,0.000000000000000000e+00,0.000000000000000000e+00,0.000000000000000000e+00,0.000000000000000000e+00,0.000000000000000000e+00,0.000000000000000000e+00,9.096719152113556469e-05,8.928766583965514110e-05,0.000000000000000000e+00,1.998119917466468029e-05,3.454880783810630702e-05,0.000000000000000000e+00,0.000000000000000000e+00,0.000000000000000000e+00,0.000000000000000000e+00,0.000000000000000000e+00,0.000000000000000000e+00,0.000000000000000000e+00,0.000000000000000000e+00,0.000000000000000000e+00,0.000000000000000000e+00,0.000000000000000000e+00,0.000000000000000000e+00,0.000000000000000000e+00,4.242266112870129248e-05
0.000000000000000000e+00,0.000000000000000000e+00,0.000000000000000000e+00,0.000000000000000000e+00,0.000000000000000000e+00,0.000000000000000000e+00,0.000000000000000000e+00,0.000000000000000000e+00,0.000000000000000000e+00,0.000000000000000000e+00,0.000000000000000000e+00,0.000000000000000000e+00,0.000000000000000000e+00,0.000000000000000000e+00,0.000000000000000000e+00,0.000000000000000000e+00,0.000000000000000000e+00,0.000000000000000000e+00,0.000000000000000000e+00,0.000000000000000000e+00,0.000000000000000000e+00,0.000000000000000000e+00,0.000000000000000000e+00,0.000000000000000000e+00,0.000000000000000000e+00,0.000000000000000000e+00,0.000000000000000000e+00,0.000000000000000000e+00,0.000000000000000000e+00,0.000000000000000000e+00,0.000000000000000000e+00,0.000000000000000000e+00,0.000000000000000000e+00,0.000000000000000000e+00,0.000000000000000000e+00,0.000000000000000000e+00,0.000000000000000000e+00,0.000000000000000000e+00,0.000000000000000000e+00,0.000000000000000000e+00,0.000000000000000000e+00,0.000000000000000000e+00,0.000000000000000000e+00,0.000000000000000000e+00,0.000000000000000000e+00,0.000000000000000000e+00,0.000000000000000000e+00,0.000000000000000000e+00,0.000000000000000000e+00,0.000000000000000000e+00,1.667685824370667834e-04,2.476194621010592697e-04,5.157565291728736243e-04,3.816771505189130056e-04,7.561256639467103975e-05,0.000000000000000000e+00,0.000000000000000000e+00,0.000000000000000000e+00,0.000000000000000000e+00,0.000000000000000000e+00,0.000000000000000000e+00,0.000000000000000000e+00,0.000000000000000000e+00,0.000000000000000000e+00,0.000000000000000000e+00,0.000000000000000000e+00,0.000000000000000000e+00,0.000000000000000000e+00,0.000000000000000000e+00,0.000000000000000000e+00,0.000000000000000000e+00,0.000000000000000000e+00,0.000000000000000000e+00,0.000000000000000000e+00,0.000000000000000000e+00,0.000000000000000000e+00,0.000000000000000000e+00,0.000000000000000000e+00,0.000000000000000000e+00,0.000000000000000000e+00,0.000000000000000000e+00,0.000000000000000000e+00,0.000000000000000000e+00,0.000000000000000000e+00,0.000000000000000000e+00,0.000000000000000000e+00,0.000000000000000000e+00,0.000000000000000000e+00,3.228008910398745741e-04,2.164206890844517627e-04,0.000000000000000000e+00,0.000000000000000000e+00,0.000000000000000000e+00,0.000000000000000000e+00,0.000000000000000000e+00,0.000000000000000000e+00,0.000000000000000000e+00,0.000000000000000000e+00,0.000000000000000000e+00,0.000000000000000000e+00,0.000000000000000000e+00,0.000000000000000000e+00,0.000000000000000000e+00,0.000000000000000000e+00,0.000000000000000000e+00,0.000000000000000000e+00,0.000000000000000000e+00,0.000000000000000000e+00,0.000000000000000000e+00,4.392893426668070540e-05,9.923167497450648914e-05,7.500663004246589161e-05,5.864202403070927194e-05,2.204880344567128063e-05,8.723695815226689492e-05,0.000000000000000000e+00,0.000000000000000000e+00,0.000000000000000000e+00,0.000000000000000000e+00,0.000000000000000000e+00,0.000000000000000000e+00,0.000000000000000000e+00,0.000000000000000000e+00,0.000000000000000000e+00,0.000000000000000000e+00,0.000000000000000000e+00,0.000000000000000000e+00,9.173728770027360423e-05
0.000000000000000000e+00,0.000000000000000000e+00,0.000000000000000000e+00,0.000000000000000000e+00,0.000000000000000000e+00,0.000000000000000000e+00,0.000000000000000000e+00,0.000000000000000000e+00,0.000000000000000000e+00,0.000000000000000000e+00,0.000000000000000000e+00,0.000000000000000000e+00,0.000000000000000000e+00,0.000000000000000000e+00,0.000000000000000000e+00,0.000000000000000000e+00,0.000000000000000000e+00,0.000000000000000000e+00,0.000000000000000000e+00,0.000000000000000000e+00,0.000000000000000000e+00,0.000000000000000000e+00,0.000000000000000000e+00,0.000000000000000000e+00,0.000000000000000000e+00,0.000000000000000000e+00,0.000000000000000000e+00,0.000000000000000000e+00,0.000000000000000000e+00,0.000000000000000000e+00,6.754865847386256467e-05,0.000000000000000000e+00,0.000000000000000000e+00,0.000000000000000000e+00,0.000000000000000000e+00,0.000000000000000000e+00,0.000000000000000000e+00,0.000000000000000000e+00,0.000000000000000000e+00,0.000000000000000000e+00,0.000000000000000000e+00,0.000000000000000000e+00,0.000000000000000000e+00,0.000000000000000000e+00,0.000000000000000000e+00,0.000000000000000000e+00,0.000000000000000000e+00,0.000000000000000000e+00,0.000000000000000000e+00,0.000000000000000000e+00,0.000000000000000000e+00,3.398558508232464424e-05,8.508748053639692926e-06,3.416174283667705006e-04,1.948069899877995334e-04,1.558615502242554577e-04,0.000000000000000000e+00,0.000000000000000000e+00,0.000000000000000000e+00,0.000000000000000000e+00,0.000000000000000000e+00,0.000000000000000000e+00,0.000000000000000000e+00,0.000000000000000000e+00,0.000000000000000000e+00,0.000000000000000000e+00,0.000000000000000000e+00,0.000000000000000000e+00,0.000000000000000000e+00,0.000000000000000000e+00,0.000000000000000000e+00,0.000000000000000000e+00,0.000000000000000000e+00,0.000000000000000000e+00,0.000000000000000000e+00,0.000000000000000000e+00,0.000000000000000000e+00,0.000000000000000000e+00,0.000000000000000000e+00,0.000000000000000000e+00,0.000000000000000000e+00,0.000000000000000000e+00,0.000000000000000000e+00,0.000000000000000000e+00,0.000000000000000000e+00,1.965058002125286284e-05,0.000000000000000000e+00,0.000000000000000000e+00,1.086575418531217520e-04,8.002990849125019457e-05,7.487127058626621133e-05,2.200784956982952662e-05,0.000000000000000000e+00,0.000000000000000000e+00,0.000000000000000000e+00,0.000000000000000000e+00,0.000000000000000000e+00,0.000000000000000000e+00,0.000000000000000000e+00,0.000000000000000000e+00,0.000000000000000000e+00,0.000000000000000000e+00,0.000000000000000000e+00,0.000000000000000000e+00,0.000000000000000000e+00,0.000000000000000000e+00,0.000000000000000000e+00,0.000000000000000000e+00,6.598768215469987745e-05,1.637849805023397368e-05,1.321178366512331932e-05,3.623834648523475765e-05,1.701486091724266047e-05,1.396944077896857754e-04,1.053411799489751476e-04,7.060174789463954015e-05,3.674464575699244062e-05,3.737072893551914645e-05,0.000000000000000000e+00,0.000000000000000000e+00,0.000000000000000000e+00,0.000000000000000000e+00,0.000000000000000000e+00,0.000000000000000000e+00,0.000000000000000000e+00,2.223410078685044772e-05,0.000000000000000000e+00,5.283038817081677944e-05
0.000000000000000000e+00,0.000000000000000000e+00,0.000000000000000000e+00,0.000000000000000000e+00,0.000000000000000000e+00,0.000000000000000000e+00,0.000000000000000000e+00,0.000000000000000000e+00,0.000000000000000000e+00,0.000000000000000000e+00,0.000000000000000000e+00,0.000000000000000000e+00,0.000000000000000000e+00,0.000000000000000000e+00,0.000000000000000000e+00,0.000000000000000000e+00,0.000000000000000000e+00,0.000000000000000000e+00,0.000000000000000000e+00,0.000000000000000000e+00,0.000000000000000000e+00,0.000000000000000000e+00,0.000000000000000000e+00,0.000000000000000000e+00,0.000000000000000000e+00,0.000000000000000000e+00,0.000000000000000000e+00,0.000000000000000000e+00,0.000000000000000000e+00,0.000000000000000000e+00,0.000000000000000000e+00,0.000000000000000000e+00,0.000000000000000000e+00,0.000000000000000000e+00,0.000000000000000000e+00,0.000000000000000000e+00,0.000000000000000000e+00,0.000000000000000000e+00,0.000000000000000000e+00,0.000000000000000000e+00,0.000000000000000000e+00,0.000000000000000000e+00,0.000000000000000000e+00,0.000000000000000000e+00,0.000000000000000000e+00,0.000000000000000000e+00,0.000000000000000000e+00,0.000000000000000000e+00,0.000000000000000000e+00,0.000000000000000000e+00,0.000000000000000000e+00,0.000000000000000000e+00,0.000000000000000000e+00,0.000000000000000000e+00,0.000000000000000000e+00,1.694812125974868959e-04,1.262513212522781646e-04,1.421377912690965483e-04,9.410629578510140507e-05,0.000000000000000000e+00,0.000000000000000000e+00,0.000000000000000000e+00,0.000000000000000000e+00,5.215736188005622387e-05,0.000000000000000000e+00,0.000000000000000000e+00,0.000000000000000000e+00,0.000000000000000000e+00,0.000000000000000000e+00,0.000000000000000000e+00,0.000000000000000000e+00,0.000000000000000000e+00,0.000000000000000000e+00,0.000000000000000000e+00,0.000000000000000000e+00,0.000000000000000000e+00,0.000000000000000000e+00,0.000000000000000000e+00,0.000000000000000000e+00,0.000000000000000000e+00,0.000000000000000000e+00,0.000000000000000000e+00,1.146526312223847857e-04,5.305283486205863514e-05,8.969984044268267511e-05,0.000000000000000000e+00,3.028784182186501707e-05,1.574545683152149029e-05,3.071904916843103367e-05,0.000000000000000000e+00,2.057326400013308908e-05,2.428921749017758810e-05,0.000000000000000000e+00,0.000000000000000000e+00,0.000000000000000000e+00,0.000000000000000000e+00,0.000000000000000000e+00,0.000000000000000000e+00,0.000000000000000000e+00,0.000000000000000000e+00,0.000000000000000000e+00,0.000000000000000000e+00,0.000000000000000000e+00,0.000000000000000000e+00,0.000000000000000000e+00,0.000000000000000000e+00,0.000000000000000000e+00,3.467191610833980464e-06,0.000000000000000000e+00,0.000000000000000000e+00,0.000000000000000000e+00,0.000000000000000000e+00,0.000000000000000000e+00,0.000000000000000000e+00,0.000000000000000000e+00,1.041706272020318343e-04,3.000261413503656200e-05,8.264325531642335940e-05,5.958409230666235855e-05,9.449532808236433146e-05,0.000000000000000000e+00,0.000000000000000000e+00,0.000000000000000000e+00,3.550075228429944220e-06,4.631413962948414179e-06,8.548933377923918656e-05,0.000000000000000000e+00,8.752507241224969877e-05
0.000000000000000000e+00,0.000000000000000000e+00,0.000000000000000000e+00,0.000000000000000000e+00,0.000000000000000000e+00,0.000000000000000000e+00,0.000000000000000000e+00,0.000000000000000000e+00,0.000000000000000000e+00,0.000000000000000000e+00,0.000000000000000000e+00,0.000000000000000000e+00,0.000000000000000000e+00,0.000000000000000000e+00,0.000000000000000000e+00,0.000000000000000000e+00,0.000000000000000000e+00,0.000000000000000000e+00,0.000000000000000000e+00,0.000000000000000000e+00,0.000000000000000000e+00,0.000000000000000000e+00,0.000000000000000000e+00,0.000000000000000000e+00,0.000000000000000000e+00,0.000000000000000000e+00,0.000000000000000000e+00,0.000000000000000000e+00,4.175080595988067396e-05,2.799969858159901130e-04,8.273656086104265591e-05,0.000000000000000000e+00,0.000000000000000000e+00,0.000000000000000000e+00,0.000000000000000000e+00,0.000000000000000000e+00,0.000000000000000000e+00,0.000000000000000000e+00,0.000000000000000000e+00,0.000000000000000000e+00,0.000000000000000000e+00,0.000000000000000000e+00,0.000000000000000000e+00,1.140494678169357348e-04,0.000000000000000000e+00,0.000000000000000000e+00,0.000000000000000000e+00,0.000000000000000000e+00,0.000000000000000000e+00,0.000000000000000000e+00,0.000000000000000000e+00,0.000000000000000000e+00,0.000000000000000000e+00,0.000000000000000000e+00,0.000000000000000000e+00,0.000000000000000000e+00,9.353098450848564764e-05,0.000000000000000000e+00,0.000000000000000000e+00,0.000000000000000000e+00,0.000000000000000000e+00,0.000000000000000000e+00,0.000000000000000000e+00,0.000000000000000000e+00,0.000000000000000000e+00,0.000000000000000000e+00,0.000000000000000000e+00,0.000000000000000000e+00,0.000000000000000000e+00,0.000000000000000000e+00,0.000000000000000000e+00,0.000000000000000000e+00,0.000000000000000000e+00,0.000000000000000000e+00,0.000000000000000000e+00,0.000000000000000000e+00,0.000000000000000000e+00,0.000000000000000000e+00,0.000000000000000000e+00,0.000000000000000000e+00,0.000000000000000000e+00,1.414795832956505415e-04,4.987457721830013206e-05,1.882673256442948871e-04,9.719157771326073240e-05,6.021030624305393403e-05,5.175231380522827114e-05,0.000000000000000000e+00,1.541202550761645309e-05,8.029487900451055056e-05,8.151181155284906480e-05,8.889800856311355810e-05,2.039721198504568884e-05,0.000000000000000000e+00,0.000000000000000000e+00,0.000000000000000000e+00,0.000000000000000000e+00,0.000000000000000000e+00,0.000000000000000000e+00,0.000000000000000000e+00,0.000000000000000000e+00,0.000000000000000000e+00,0.000000000000000000e+00,0.000000000000000000e+00,0.000000000000000000e+00,0.000000000000000000e+00,0.000000000000000000e+00,0.000000000000000000e+00,0.000000000000000000e+00,0.000000000000000000e+00,0.000000000000000000e+00,0.000000000000000000e+00,0.000000000000000000e+00,0.000000000000000000e+00,0.000000000000000000e+00,0.000000000000000000e+00,0.000000000000000000e+00,0.000000000000000000e+00,0.000000000000000000e+00,0.000000000000000000e+00,4.816228400452604352e-05,3.327127072053946504e-05,1.363233543307757721e-05,6.072528612642457460e-05,5.772211115654595702e-06,3.671792361494680655e-06,0.000000000000000000e+00,6.580564198384523228e-05
0.000000000000000000e+00,0.000000000000000000e+00,0.000000000000000000e+00,0.000000000000000000e+00,0.000000000000000000e+00,0.000000000000000000e+00,0.000000000000000000e+00,0.000000000000000000e+00,0.000000000000000000e+00,0.000000000000000000e+00,0.000000000000000000e+00,0.000000000000000000e+00,0.000000000000000000e+00,0.000000000000000000e+00,0.000000000000000000e+00,0.000000000000000000e+00,0.000000000000000000e+00,0.000000000000000000e+00,0.000000000000000000e+00,0.000000000000000000e+00,0.000000000000000000e+00,0.000000000000000000e+00,0.000000000000000000e+00,0.000000000000000000e+00,0.000000000000000000e+00,0.000000000000000000e+00,0.000000000000000000e+00,0.000000000000000000e+00,0.000000000000000000e+00,0.000000000000000000e+00,0.000000000000000000e+00,1.394952688736562278e-04,0.000000000000000000e+00,0.000000000000000000e+00,0.000000000000000000e+00,0.000000000000000000e+00,0.000000000000000000e+00,0.000000000000000000e+00,0.000000000000000000e+00,0.000000000000000000e+00,0.000000000000000000e+00,0.000000000000000000e+00,0.000000000000000000e+00,3.258582844828839827e-05,1.354444182765793877e-04,1.990677841314857728e-05,9.468667752625198818e-05,5.727431094190351269e-05,0.000000000000000000e+00,0.000000000000000000e+00,0.000000000000000000e+00,0.000000000000000000e+00,0.000000000000000000e+00,0.000000000000000000e+00,0.000000000000000000e+00,0.000000000000000000e+00,0.000000000000000000e+00,0.000000000000000000e+00,0.000000000000000000e+00,0.000000000000000000e+00,0.000000000000000000e+00,0.000000000000000000e+00,0.000000000000000000e+00,0.000000000000000000e+00,0.000000000000000000e+00,0.000000000000000000e+00,0.000000000000000000e+00,0.000000000000000000e+00,0.000000000000000000e+00,0.000000000000000000e+00,0.000000000000000000e+00,0.000000000000000000e+00,0.000000000000000000e+00,0.000000000000000000e+00,0.000000000000000000e+00,0.000000000000000000e+00,0.000000000000000000e+00,0.000000000000000000e+00,0.000000000000000000e+00,2.773705485854151948e-05,3.957167408506253307e-05,2.138406151951028125e-05,2.011679212296798680e-04,1.267387226209520544e-04,2.697640102184521434e-04,9.459676268346038674e-05,6.470732190385546177e-05,4.575843192226091501e-05,1.164345982653061141e-04,2.663225764679999112e-05,8.534979059500558498e-05,5.503689227303589990e-05,1.609679730713362684e-04,1.388905680065704825e-05,0.000000000000000000e+00,0.000000000000000000e+00,0.000000000000000000e+00,0.000000000000000000e+00,0.000000000000000000e+00,0.000000000000000000e+00,0.000000000000000000e+00,0.000000000000000000e+00,0.000000000000000000e+00,0.000000000000000000e+00,0.000000000000000000e+00,0.000000000000000000e+00,0.000000000000000000e+00,0.000000000000000000e+00,0.000000000000000000e+00,0.000000000000000000e+00,0.000000000000000000e+00,0.000000000000000000e+00,0.000000000000000000e+00,0.000000000000000000e+00,0.000000000000000000e+00,0.000000000000000000e+00,0.000000000000000000e+00,0.000000000000000000e+00,0.000000000000000000e+00,0.000000000000000000e+00,0.000000000000000000e+00,5.571510174405458361e-06,7.534438513804575070e-06,3.494486933034781642e-05,0.000000000000000000e+00,3.792808187727760201e-05,0.000000000000000000e+00,3.832227708949623515e-05
0.000000000000000000e+00,0.000000000000000000e+00,0.000000000000000000e+00,0.000000000000000000e+00,0.000000000000000000e+00,0.000000000000000000e+00,0.000000000000000000e+00,0.000000000000000000e+00,0.000000000000000000e+00,0.000000000000000000e+00,0.000000000000000000e+00,0.000000000000000000e+00,0.000000000000000000e+00,0.000000000000000000e+00,0.000000000000000000e+00,0.000000000000000000e+00,0.000000000000000000e+00,0.000000000000000000e+00,0.000000000000000000e+00,0.000000000000000000e+00,0.000000000000000000e+00,0.000000000000000000e+00,0.000000000000000000e+00,0.000000000000000000e+00,0.000000000000000000e+00,0.000000000000000000e+00,0.000000000000000000e+00,0.000000000000000000e+00,3.223501083184756970e-03,1.545202381913646944e-04,0.000000000000000000e+00,0.000000000000000000e+00,0.000000000000000000e+00,0.000000000000000000e+00,0.000000000000000000e+00,0.000000000000000000e+00,0.000000000000000000e+00,0.000000000000000000e+00,0.000000000000000000e+00,0.000000000000000000e+00,0.000000000000000000e+00,0.000000000000000000e+00,0.000000000000000000e+00,4.801555818623917373e-05,0.000000000000000000e+00,7.382517586329187087e-05,0.000000000000000000e+00,1.796767152079324886e-04,5.215184376071979724e-05,1.202477676194338533e-04,0.000000000000000000e+00,0.000000000000000000e+00,0.000000000000000000e+00,0.000000000000000000e+00,0.000000000000000000e+00,0.000000000000000000e+00,0.000000000000000000e+00,0.000000000000000000e+00,0.000000000000000000e+00,0.000000000000000000e+00,0.000000000000000000e+00,0.000000000000000000e+00,0.000000000000000000e+00,0.000000000000000000e+00,0.000000000000000000e+00,0.000000000000000000e+00,0.000000000000000000e+00,0.000000000000000000e+00,0.000000000000000000e+00,0.000000000000000000e+00,0.000000000000000000e+00,0.000000000000000000e+00,0.000000000000000000e+00,0.000000000000000000e+00,8.069899625938335892e-05,0.000000000000000000e+00,0.000000000000000000e+00,0.000000000000000000e+00,0.000000000000000000e+00,1.236889657811711537e-04,1.069425940343172267e-04,1.327224280875774791e-04,1.364032915167350424e-04,1.647139812774288132e-04,0.000000000000000000e+00,1.076007248469328554e-04,1.021920943055208171e-04,5.091426798850798605e-05,8.799471871438360553e-05,1.071242619888208419e-04,1.158105561654086533e-04,1.282878678070954303e-04,7.458839219635774506e-05,1.287098360593313755e-04,0.000000000000000000e+00,0.000000000000000000e+00,0.000000000000000000e+00,0.000000000000000000e+00,0.000000000000000000e+00,0.000000000000000000e+00,0.000000000000000000e+00,0.000000000000000000e+00,0.000000000000000000e+00,0.000000000000000000e+00,0.000000000000000000e+00,0.000000000000000000e+00,0.000000000000000000e+00,0.000000000000000000e+00,0.000000000000000000e+00,0.000000000000000000e+00,0.000000000000000000e+00,0.000000000000000000e+00,0.000000000000000000e+00,0.000000000000000000e+00,0.000000000000000000e+00,0.000000000000000000e+00,0.000000000000000000e+00,0.000000000000000000e+00,0.000000000000000000e+00,0.000000000000000000e+00,0.000000000000000000e+00,0.000000000000000000e+00,3.754708022779978417e-05,4.421003031687177360e-05,0.000000000000000000e+00,1.993845685939889161e-05,0.000000000000000000e+00,0.000000000000000000e+00
0.000000000000000000e+00,0.000000000000000000e+00,0.000000000000000000e+00,0.000000000000000000e+00,0.000000000000000000e+00,0.000000000000000000e+00,0.000000000000000000e+00,0.000000000000000000e+00,0.000000000000000000e+00,0.000000000000000000e+00,0.000000000000000000e+00,0.000000000000000000e+00,0.000000000000000000e+00,0.000000000000000000e+00,0.000000000000000000e+00,0.000000000000000000e+00,0.000000000000000000e+00,0.000000000000000000e+00,0.000000000000000000e+00,0.000000000000000000e+00,0.000000000000000000e+00,0.000000000000000000e+00,0.000000000000000000e+00,0.000000000000000000e+00,0.000000000000000000e+00,0.000000000000000000e+00,0.000000000000000000e+00,0.000000000000000000e+00,4.435852477733364697e-03,2.258982003797501575e-04,0.000000000000000000e+00,0.000000000000000000e+00,0.000000000000000000e+00,0.000000000000000000e+00,1.070758469866714868e-04,0.000000000000000000e+00,0.000000000000000000e+00,0.000000000000000000e+00,0.000000000000000000e+00,8.365304211399648764e-05,3.546065522780287151e-05,2.186661324488015296e-05,6.424512540196159350e-05,4.320518055567876308e-05,0.000000000000000000e+00,8.438479054048482356e-05,3.010253347566958863e-05,0.000000000000000000e+00,0.000000000000000000e+00,0.000000000000000000e+00,1.163833390516953568e-04,0.000000000000000000e+00,0.000000000000000000e+00,0.000000000000000000e+00,0.000000000000000000e+00,0.000000000000000000e+00,0.000000000000000000e+00,0.000000000000000000e+00,0.000000000000000000e+00,0.000000000000000000e+00,0.000000000000000000e+00,0.000000000000000000e+00,0.000000000000000000e+00,0.000000000000000000e+00,0.000000000000000000e+00,0.000000000000000000e+00,0.000000000000000000e+00,0.000000000000000000e+00,0.000000000000000000e+00,0.000000000000000000e+00,0.000000000000000000e+00,0.000000000000000000e+00,0.000000000000000000e+00,7.824214083902869966e-05,4.737661982289477188e-04,5.962253357559214292e-05,1.370831437503757812e-04,0.000000000000000000e+00,0.000000000000000000e+00,1.519969856728433939e-04,4.748499276462074959e-05,8.237989200536162903e-05,1.133922545576902357e-04,1.471665111652010755e-04,0.000000000000000000e+00,3.510547757176644230e-04,4.828337050874843871e-04,0.000000000000000000e+00,7.572634167906787828e-05,1.199149889325634206e-04,6.486273389334372332e-05,1.379483013549520480e-04,1.095656352302594921e-04,1.258831889938382057e-05,0.000000000000000000e+00,0.000000000000000000e+00,0.000000000000000000e+00,0.000000000000000000e+00,0.000000000000000000e+00,0.000000000000000000e+00,0.000000000000000000e+00,0.000000000000000000e+00,0.000000000000000000e+00,0.000000000000000000e+00,0.000000000000000000e+00,0.000000000000000000e+00,0.000000000000000000e+00,0.000000000000000000e+00,0.000000000000000000e+00,0.000000000000000000e+00,0.000000000000000000e+00,0.000000000000000000e+00,0.000000000000000000e+00,0.000000000000000000e+00,0.000000000000000000e+00,0.000000000000000000e+00,0.000000000000000000e+00,0.000000000000000000e+00,0.000000000000000000e+00,0.000000000000000000e+00,0.000000000000000000e+00,0.000000000000000000e+00,0.000000000000000000e+00,0.000000000000000000e+00,0.000000000000000000e+00,0.000000000000000000e+00,0.000000000000000000e+00,0.000000000000000000e+00
0.000000000000000000e+00,0.000000000000000000e+00,0.000000000000000000e+00,0.000000000000000000e+00,0.000000000000000000e+00,0.000000000000000000e+00,0.000000000000000000e+00,0.000000000000000000e+00,3.266956781379981231e-05,0.000000000000000000e+00,0.000000000000000000e+00,0.000000000000000000e+00,0.000000000000000000e+00,0.000000000000000000e+00,0.000000000000000000e+00,0.000000000000000000e+00,0.000000000000000000e+00,0.000000000000000000e+00,0.000000000000000000e+00,0.000000000000000000e+00,0.000000000000000000e+00,0.000000000000000000e+00,0.000000000000000000e+00,0.000000000000000000e+00,0.000000000000000000e+00,0.000000000000000000e+00,0.000000000000000000e+00,0.000000000000000000e+00,0.000000000000000000e+00,0.000000000000000000e+00,0.000000000000000000e+00,1.153582364015309623e-04,9.136354873698503587e-05,6.017154267003223955e-05,1.998280808535588928e-05,2.378391178602321508e-05,1.084039605237616013e-04,0.000000000000000000e+00,0.000000000000000000e+00,3.966838725281052105e-05,5.411564059243924139e-05,5.783392947407680674e-05,9.860079093988080150e-06,1.288078798080346285e-04,3.583624658853615751e-05,1.184019082262251910e-04,0.000000000000000000e+00,0.000000000000000000e+00,0.000000000000000000e+00,0.000000000000000000e+00,5.041706256667731508e-06,0.000000000000000000e+00,0.000000000000000000e+00,0.000000000000000000e+00,0.000000000000000000e+00,0.000000000000000000e+00,0.000000000000000000e+00,0.000000000000000000e+00,0.000000000000000000e+00,0.000000000000000000e+00,0.000000000000000000e+00,0.000000000000000000e+00,0.000000000000000000e+00,0.000000000000000000e+00,0.000000000000000000e+00,0.000000000000000000e+00,0.000000000000000000e+00,0.000000000000000000e+00,0.000000000000000000e+00,0.000000000000000000e+00,0.000000000000000000e+00,0.000000000000000000e+00,0.000000000000000000e+00,4.944688336952457019e-05,0.000000000000000000e+00,4.492022651214046204e-05,9.977912797121390185e-05,1.531452587253496686e-04,4.706996939142665430e-05,1.264115193552823246e-04,6.714132521775347038e-05,1.918891707476405735e-04,1.505529605697613238e-04,2.184812029716852195e-04,6.439208906145467935e-05,1.739140474850675566e-04,7.913214941935998287e-06,0.000000000000000000e+00,1.772017083663873435e-04,2.023869508268272223e-04,8.768747693149145416e-05,1.661055552162987682e-04,1.725178687508423301e-04,1.162202517551007297e-04,7.205266871055949476e-05,6.396909673605930468e-05,8.921637549845568425e-06,1.310819127163690220e-06,0.000000000000000000e+00,0.000000000000000000e+00,0.000000000000000000e+00,0.000000000000000000e+00,0.000000000000000000e+00,3.696831346322003035e-05,0.000000000000000000e+00,0.000000000000000000e+00,0.000000000000000000e+00,0.000000000000000000e+00,0.000000000000000000e+00,0.000000000000000000e+00,0.000000000000000000e+00,0.000000000000000000e+00,0.000000000000000000e+00,0.000000000000000000e+00,0.000000000000000000e+00,0.000000000000000000e+00,0.000000000000000000e+00,0.000000000000000000e+00,0.000000000000000000e+00,0.000000000000000000e+00,0.000000000000000000e+00,1.338133113266609989e-05,0.000000000000000000e+00,0.000000000000000000e+00,0.000000000000000000e+00,0.000000000000000000e+00,0.000000000000000000e+00,0.000000000000000000e+00
0.000000000000000000e+00,0.000000000000000000e+00,0.000000000000000000e+00,0.000000000000000000e+00,0.000000000000000000e+00,0.000000000000000000e+00,0.000000000000000000e+00,0.000000000000000000e+00,5.008464488673403393e-06,3.704019457393744480e-05,0.000000000000000000e+00,0.000000000000000000e+00,0.000000000000000000e+00,0.000000000000000000e+00,0.000000000000000000e+00,0.000000000000000000e+00,0.000000000000000000e+00,0.000000000000000000e+00,0.000000000000000000e+00,0.000000000000000000e+00,0.000000000000000000e+00,0.000000000000000000e+00,0.000000000000000000e+00,0.000000000000000000e+00,0.000000000000000000e+00,0.000000000000000000e+00,0.000000000000000000e+00,0.000000000000000000e+00,0.000000000000000000e+00,0.000000000000000000e+00,0.000000000000000000e+00,0.000000000000000000e+00,0.000000000000000000e+00,0.000000000000000000e+00,0.000000000000000000e+00,3.158649275101997850e-05,1.506704590845386600e-04,4.510787522296726995e-06,5.820057153146747570e-05,3.025694893366052423e-05,6.226964564016969929e-06,5.515719369179108842e-05,1.090133401743916610e-04,7.080409181411770499e-05,1.684525423148551656e-04,4.345529777245123778e-06,0.000000000000000000e+00,0.000000000000000000e+00,0.000000000000000000e+00,0.000000000000000000e+00,1.360885133449946072e-05,0.000000000000000000e+00,0.000000000000000000e+00,0.000000000000000000e+00,0.000000000000000000e+00,0.000000000000000000e+00,0.000000000000000000e+00,0.000000000000000000e+00,0.000000000000000000e+00,0.000000000000000000e+00,0.000000000000000000e+00,0.000000000000000000e+00,0.000000000000000000e+00,0.000000000000000000e+00,0.000000000000000000e+00,0.000000000000000000e+00,0.000000000000000000e+00,0.000000000000000000e+00,0.000000000000000000e+00,0.000000000000000000e+00,0.000000000000000000e+00,0.000000000000000000e+00,2.444722996207871515e-05,8.545968678796515827e-05,9.066987427027459277e-05,1.033978676249943236e-04,7.815123760292776156e-05,9.058264223334761987e-05,1.195557441013548087e-04,9.143862783378820089e-05,5.113733125947895558e-05,5.175296212483368973e-05,1.468432989954374481e-04,1.334467721147046472e-04,1.903391667418544359e-04,2.886717398057234989e-05,6.967115411430225679e-05,9.539846798450407834e-05,3.260726439692576841e-05,1.253555574322299680e-04,1.071186192793995029e-04,8.319479432284042993e-05,1.648820854624520951e-04,9.149771798672932379e-05,7.865421762559683357e-05,1.155470585918975387e-04,8.987495994280687156e-05,5.356274434897121306e-05,1.326046555750957653e-05,5.655330471060532511e-05,6.880012795611960936e-05,1.008600987590184361e-05,6.892380198144187182e-05,3.638902611496744771e-05,0.000000000000000000e+00,0.000000000000000000e+00,0.000000000000000000e+00,0.000000000000000000e+00,0.000000000000000000e+00,0.000000000000000000e+00,0.000000000000000000e+00,0.000000000000000000e+00,0.000000000000000000e+00,0.000000000000000000e+00,0.000000000000000000e+00,0.000000000000000000e+00,0.000000000000000000e+00,0.000000000000000000e+00,0.000000000000000000e+00,7.293205185382385792e-06,0.000000000000000000e+00,0.000000000000000000e+00,0.000000000000000000e+00,0.000000000000000000e+00,0.000000000000000000e+00,0.000000000000000000e+00,0.000000000000000000e+00,0.000000000000000000e+00
0.000000000000000000e+00,0.000000000000000000e+00,0.000000000000000000e+00,0.000000000000000000e+00,0.000000000000000000e+00,0.000000000000000000e+00,0.000000000000000000e+00,1.630777307429415708e-05,7.220416447206402181e-05,0.000000000000000000e+00,0.000000000000000000e+00,0.000000000000000000e+00,0.000000000000000000e+00,0.000000000000000000e+00,0.000000000000000000e+00,0.000000000000000000e+00,0.000000000000000000e+00,0.000000000000000000e+00,0.000000000000000000e+00,0.000000000000000000e+00,0.000000000000000000e+00,0.000000000000000000e+00,0.000000000000000000e+00,0.000000000000000000e+00,0.000000000000000000e+00,0.000000000000000000e+00,0.000000000000000000e+00,0.000000000000000000e+00,0.000000000000000000e+00,0.000000000000000000e+00,0.000000000000000000e+00,0.000000000000000000e+00,0.000000000000000000e+00,0.000000000000000000e+00,0.000000000000000000e+00,0.000000000000000000e+00,0.000000000000000000e+00,0.000000000000000000e+00,1.032633048969510878e-05,7.687852001529656186e-05,0.000000000000000000e+00,0.000000000000000000e+00,1.172067251379376541e-04,1.783890997763425319e-04,1.701941999749041800e-04,4.816735309909052923e-05,4.507050429842609823e-05,0.000000000000000000e+00,0.000000000000000000e+00,4.862960794074248942e-06,8.692257576370292856e-05,0.000000000000000000e+00,0.000000000000000000e+00,0.000000000000000000e+00,0.000000000000000000e+00,0.000000000000000000e+00,0.000000000000000000e+00,0.000000000000000000e+00,0.000000000000000000e+00,0.000000000000000000e+00,0.000000000000000000e+00,0.000000000000000000e+00,0.000000000000000000e+00,0.000000000000000000e+00,0.000000000000000000e+00,0.000000000000000000e+00,0.000000000000000000e+00,0.000000000000000000e+00,0.000000000000000000e+00,0.000000000000000000e+00,0.000000000000000000e+00,0.000000000000000000e+00,0.000000000000000000e+00,0.000000000000000000e+00,6.235240521833388052e-06,3.949639525368794978e-05,2.612575190842383099e-05,6.106087870526817683e-05,3.884487822484975226e-05,1.403024400455497758e-04,9.014966552121143038e-05,1.985169882011096544e-04,1.495977503006172202e-04,1.810332585692873324e-04,9.712549070949825234e-05,2.156401724868752760e-04,7.273962423481623168e-05,0.000000000000000000e+00,1.117688438492018502e-04,4.217372078004901983e-05,9.477144490384650213e-05,8.666824246649053396e-05,1.153532381413153475e-04,1.667969080064470022e-04,9.520740010813650786e-05,1.222431848511766443e-04,1.129231471042663659e-04,1.146911072996499494e-04,5.016577372320654189e-05,4.162527149417336345e-05,1.121622772121562802e-04,1.151154897123765240e-04,6.421193576961720215e-05,4.117215459430605725e-05,0.000000000000000000e+00,0.000000000000000000e+00,0.000000000000000000e+00,0.000000000000000000e+00,0.000000000000000000e+00,0.000000000000000000e+00,0.000000000000000000e+00,0.000000000000000000e+00,0.000000000000000000e+00,0.000000000000000000e+00,0.000000000000000000e+00,0.000000000000000000e+00,0.000000000000000000e+00,0.000000000000000000e+00,0.000000000000000000e+00,0.000000000000000000e+00,0.000000000000000000e+00,0.000000000000000000e+00,0.000000000000000000e+00,0.000000000000000000e+00,0.000000000000000000e+00,0.000000000000000000e+00,0.000000000000000000e+00,0.000000000000000000e+00
0.000000000000000000e+00,0.000000000000000000e+00,0.000000000000000000e+00,0.000000000000000000e+00,0.000000000000000000e+00,0.000000000000000000e+00,0.000000000000000000e+00,0.000000000000000000e+00,7.980169552561651555e-05,0.000000000000000000e+00,0.000000000000000000e+00,0.000000000000000000e+00,0.000000000000000000e+00,0.000000000000000000e+00,0.000000000000000000e+00,0.000000000000000000e+00,0.000000000000000000e+00,0.000000000000000000e+00,0.000000000000000000e+00,0.000000000000000000e+00,0.000000000000000000e+00,0.000000000000000000e+00,0.000000000000000000e+00,0.000000000000000000e+00,0.000000000000000000e+00,0.000000000000000000e+00,0.000000000000000000e+00,0.000000000000000000e+00,0.000000000000000000e+00,0.000000000000000000e+00,0.000000000000000000e+00,0.000000000000000000e+00,0.000000000000000000e+00,0.000000000000000000e+00,0.000000000000000000e+00,0.000000000000000000e+00,0.000000000000000000e+00,0.000000000000000000e+00,6.891764153963152216e-05,1.491819876995930530e-05,2.669176095847404116e-05,0.000000000000000000e+00,6.515816528703271984e-05,7.063622721807872240e-05,2.430776428366804970e-04,7.850978428471418874e-05,6.890206446995633606e-05,0.000000000000000000e+00,0.000000000000000000e+00,3.322000133832355302e-05,6.620510874580715272e-05,0.000000000000000000e+00,0.000000000000000000e+00,0.000000000000000000e+00,0.000000000000000000e+00,0.000000000000000000e+00,0.000000000000000000e+00,0.000000000000000000e+00,0.000000000000000000e+00,0.000000000000000000e+00,0.000000000000000000e+00,0.000000000000000000e+00,0.000000000000000000e+00,0.000000000000000000e+00,0.000000000000000000e+00,0.000000000000000000e+00,0.000000000000000000e+00,0.000000000000000000e+00,2.912045788637247684e-05,2.493098643973327925e-05,0.000000000000000000e+00,0.000000000000000000e+00,0.000000000000000000e+00,0.000000000000000000e+00,9.898682534409454525e-05,1.265368940572470554e-04,1.842261323843000090e-04,8.041313390906407144e-05,1.258383195415571924e-04,1.269704377061397647e-04,6.558992414501089465e-05,7.372512527889095620e-05,1.121580249591884763e-04,1.546678653983214594e-04,1.589472827901394173e-04,7.072794927797632319e-05,1.042701458798471047e-04,6.114208958029782883e-05,1.699473131034724070e-05,9.895386710996080526e-05,6.532613436762282693e-05,8.928697615283759685e-05,5.961950897258569594e-05,1.017025684714370883e-04,6.015065348705239266e-05,1.440994956665592468e-04,1.545387877594245221e-04,1.127315081595754557e-04,8.078652530309011137e-05,5.862209584392956966e-05,6.903902569700209001e-05,6.244344092616665673e-05,1.051031199196775137e-04,5.745678654713029716e-05,0.000000000000000000e+00,0.000000000000000000e+00,0.000000000000000000e+00,0.000000000000000000e+00,0.000000000000000000e+00,0.000000000000000000e+00,0.000000000000000000e+00,0.000000000000000000e+00,0.000000000000000000e+00,0.000000000000000000e+00,0.000000000000000000e+00,0.000000000000000000e+00,0.000000000000000000e+00,0.000000000000000000e+00,0.000000000000000000e+00,0.000000000000000000e+00,0.000000000000000000e+00,0.000000000000000000e+00,0.000000000000000000e+00,0.000000000000000000e+00,0.000000000000000000e+00,0.000000000000000000e+00,0.000000000000000000e+00,0.000000000000000000e+00
0.000000000000000000e+00,0.000000000000000000e+00,0.000000000000000000e+00,0.000000000000000000e+00,0.000000000000000000e+00,0.000000000000000000e+00,0.000000000000000000e+00,0.000000000000000000e+00,0.000000000000000000e+00,8.175455054715075932e-05,6.795649345726113442e-05,0.000000000000000000e+00,0.000000000000000000e+00,0.000000000000000000e+00,0.000000000000000000e+00,0.000000000000000000e+00,0.000000000000000000e+00,0.000000000000000000e+00,0.000000000000000000e+00,0.000000000000000000e+00,0.000000000000000000e+00,0.000000000000000000e+00,0.000000000000000000e+00,0.000000000000000000e+00,0.000000000000000000e+00,0.000000000000000000e+00,0.000000000000000000e+00,0.000000000000000000e+00,0.000000000000000000e+00,0.000000000000000000e+00,0.000000000000000000e+00,0.000000000000000000e+00,0.000000000000000000e+00,0.000000000000000000e+00,0.000000000000000000e+00,0.000000000000000000e+00,0.000000000000000000e+00,0.000000000000000000e+00,2.075953631286421125e-05,0.000000000000000000e+00,0.000000000000000000e+00,2.729573712152875493e-06,9.155034244047279067e-05,4.904176534524031536e-05,2.540235293527664111e-05,1.144451651849610527e-04,1.032415474796288482e-04,0.000000000000000000e+00,1.683876063235452305e-04,0.000000000000000000e+00,9.946599299220812386e-05,0.000000000000000000e+00,0.000000000000000000e+00,0.000000000000000000e+00,0.000000000000000000e+00,0.000000000000000000e+00,0.000000000000000000e+00,0.000000000000000000e+00,0.000000000000000000e+00,0.000000000000000000e+00,0.000000000000000000e+00,0.000000000000000000e+00,0.000000000000000000e+00,0.000000000000000000e+00,0.000000000000000000e+00,0.000000000000000000e+00,0.000000000000000000e+00,0.000000000000000000e+00,6.811343908914404871e-05,0.000000000000000000e+00,5.283725084304592896e-05,4.276960720942197467e-05,2.464197655131002834e-05,2.464215396694167641e-06,8.110165145377229640e-05,8.177115731548054817e-05,1.197063193860955691e-04,7.035027493735957025e-05,1.144552693111761712e-04,1.134077198584123745e-04,8.604564879648956253e-05,1.297918674547057273e-04,1.726348629164709859e-04,1.670463818624191670e-04,1.592955188183052377e-04,2.054304040372446774e-04,1.690377961706601088e-04,1.029878477224552296e-04,1.260314377153190889e-05,2.884107569932826585e-05,7.275400111294445511e-05,1.164424899053752267e-04,6.225756647123806460e-05,9.063034367874967553e-05,6.093235728298643873e-05,4.682691471998024353e-05,1.291117199895610581e-04,1.077248503449247240e-04,8.882542052856767464e-05,7.461455460195402973e-05,9.250965947890792975e-05,6.234239786416155918e-05,1.128735871113555463e-04,9.222574121249275578e-05,0.000000000000000000e+00,0.000000000000000000e+00,0.000000000000000000e+00,0.000000000000000000e+00,0.000000000000000000e+00,0.000000000000000000e+00,0.000000000000000000e+00,0.000000000000000000e+00,0.000000000000000000e+00,0.000000000000000000e+00,0.000000000000000000e+00,0.000000000000000000e+00,0.000000000000000000e+00,0.000000000000000000e+00,0.000000000000000000e+00,0.000000000000000000e+00,0.000000000000000000e+00,0.000000000000000000e+00,0.000000000000000000e+00,0.000000000000000000e+00,0.000000000000000000e+00,0.000000000000000000e+00,0.000000000000000000e+00,0.000000000000000000e+00
0.000000000000000000e+00,0.000000000000000000e+00,0.000000000000000000e+00,0.000000000000000000e+00,0.000000000000000000e+00,0.000000000000000000e+00,0.000000000000000000e+00,0.000000000000000000e+00,0.000000000000000000e+00,7.814622588538308804e-06,0.000000000000000000e+00,1.354382422391638271e-04,4.496869876574143666e-05,0.000000000000000000e+00,0.000000000000000000e+00,0.000000000000000000e+00,0.000000000000000000e+00,0.000000000000000000e+00,0.000000000000000000e+00,0.000000000000000000e+00,0.000000000000000000e+00,0.000000000000000000e+00,0.000000000000000000e+00,0.000000000000000000e+00,0.000000000000000000e+00,0.000000000000000000e+00,0.000000000000000000e+00,0.000000000000000000e+00,0.000000000000000000e+00,0.000000000000000000e+00,0.000000000000000000e+00,0.000000000000000000e+00,0.000000000000000000e+00,0.000000000000000000e+00,0.000000000000000000e+00,0.000000000000000000e+00,0.000000000000000000e+00,0.000000000000000000e+00,9.331903071474021859e-06,2.389959066527305988e-05,0.000000000000000000e+00,0.000000000000000000e+00,0.000000000000000000e+00,0.000000000000000000e+00,1.177219360833188977e-04,4.529233674442660677e-05,7.146475232526621770e-05,0.000000000000000000e+00,1.940568631706518846e-04,8.647175204556129888e-06,5.434154227209926099e-05,0.000000000000000000e+00,0.000000000000000000e+00,0.000000000000000000e+00,0.000000000000000000e+00,0.000000000000000000e+00,0.000000000000000000e+00,0.000000000000000000e+00,0.000000000000000000e+00,0.000000000000000000e+00,0.000000000000000000e+00,0.000000000000000000e+00,0.000000000000000000e+00,0.000000000000000000e+00,0.000000000000000000e+00,0.000000000000000000e+00,0.000000000000000000e+00,0.000000000000000000e+00,0.000000000000000000e+00,3.393115973737250351e-05,8.809222332107590197e-05,3.617370982686275520e-05,1.056030175169650125e-05,0.000000000000000000e+00,4.047182548562209083e-05,1.157200386993253401e-05,7.725578202953306810e-05,9.166946956358024493e-05,1.121961829854856315e-04,1.165851776679177002e-04,1.284701411460904428e-04,1.017259336080258010e-04,1.391259530055302923e-04,1.427231689851892946e-04,1.612617834263373932e-04,1.190819698039965292e-04,1.877297594078593008e-04,1.857145742291402757e-04,7.355082400743282887e-05,5.365863987617498863e-05,7.067322906277825911e-05,4.357568304133639067e-05,6.040585497120679617e-05,6.134002528658107577e-05,7.524979795420475741e-05,5.334298853100286877e-05,7.181799758003444133e-05,1.343904800532457638e-04,1.199015108758286094e-04,1.261004913139547189e-04,9.518984952997098690e-05,3.692320281950829783e-05,2.523982342746152762e-05,1.125883507232340244e-04,1.959626831183758835e-05,0.000000000000000000e+00,0.000000000000000000e+00,0.000000000000000000e+00,0.000000000000000000e+00,0.000000000000000000e+00,0.000000000000000000e+00,0.000000000000000000e+00,0.000000000000000000e+00,0.000000000000000000e+00,0.000000000000000000e+00,0.000000000000000000e+00,0.000000000000000000e+00,0.000000000000000000e+00,0.000000000000000000e+00,0.000000000000000000e+00,0.000000000000000000e+00,0.000000000000000000e+00,0.000000000000000000e+00,0.000000000000000000e+00,0.000000000000000000e+00,0.000000000000000000e+00,0.000000000000000000e+00,0.000000000000000000e+00
0.000000000000000000e+00,0.000000000000000000e+00,0.000000000000000000e+00,0.000000000000000000e+00,0.000000000000000000e+00,0.000000000000000000e+00,1.504740548187035854e-05,6.366897122907962396e-05,0.000000000000000000e+00,1.828681143475527869e-05,0.000000000000000000e+00,1.104134121735753148e-04,4.537264384898707687e-05,0.000000000000000000e+00,6.833496256016004538e-06,0.000000000000000000e+00,0.000000000000000000e+00,0.000000000000000000e+00,0.000000000000000000e+00,0.000000000000000000e+00,0.000000000000000000e+00,0.000000000000000000e+00,0.000000000000000000e+00,0.000000000000000000e+00,0.000000000000000000e+00,0.000000000000000000e+00,0.000000000000000000e+00,0.000000000000000000e+00,0.000000000000000000e+00,0.000000000000000000e+00,0.000000000000000000e+00,0.000000000000000000e+00,0.000000000000000000e+00,0.000000000000000000e+00,0.000000000000000000e+00,0.000000000000000000e+00,0.000000000000000000e+00,0.000000000000000000e+00,0.000000000000000000e+00,0.000000000000000000e+00,2.563474451828812449e-05,0.000000000000000000e+00,0.000000000000000000e+00,0.000000000000000000e+00,0.000000000000000000e+00,1.188100589893182375e-05,0.000000000000000000e+00,0.000000000000000000e+00,2.000891579462890448e-05,3.353112542325976497e-05,1.233309715201248464e-04,1.068891433620776339e-04,0.000000000000000000e+00,0.000000000000000000e+00,0.000000000000000000e+00,0.000000000000000000e+00,0.000000000000000000e+00,0.000000000000000000e+00,0.000000000000000000e+00,0.000000000000000000e+00,0.000000000000000000e+00,0.000000000000000000e+00,0.000000000000000000e+00,0.000000000000000000e+00,0.000000000000000000e+00,0.000000000000000000e+00,0.000000000000000000e+00,8.377364402294754629e-05,0.000000000000000000e+00,3.271310404388302315e-05,3.274928207526579501e-05,1.027197018983971314e-05,1.918423915767077695e-05,2.075234372829348394e-06,5.533326241125843337e-05,0.000000000000000000e+00,5.840508106523236771e-05,0.000000000000000000e+00,7.601244506117520020e-05,5.400449342668525292e-05,6.015115322505931625e-05,1.521799879434880662e-04,1.468766384937991406e-04,1.266685234880436585e-04,1.546909888770770371e-04,1.237389568897105348e-04,1.422568606625688840e-04,1.571601109169459766e-04,1.019788401106467988e-04,5.107576186840467587e-05,4.845644706458967170e-05,1.313684507896286410e-04,1.997037171860443122e-05,9.174096835296679500e-05,6.179899724711716727e-05,6.480139106998615962e-05,3.425172642313637996e-05,1.003485657240278808e-04,8.010528410820059498e-05,1.177637067752619501e-04,7.349303551317831783e-05,8.816172581476095296e-05,3.729545324978962350e-05,3.105005859552474800e-06,0.000000000000000000e+00,0.000000000000000000e+00,0.000000000000000000e+00,0.000000000000000000e+00,0.000000000000000000e+00,0.000000000000000000e+00,0.000000000000000000e+00,0.000000000000000000e+00,0.000000000000000000e+00,0.000000000000000000e+00,0.000000000000000000e+00,0.000000000000000000e+00,0.000000000000000000e+00,0.000000000000000000e+00,0.000000000000000000e+00,0.000000000000000000e+00,0.000000000000000000e+00,0.000000000000000000e+00,0.000000000000000000e+00,0.000000000000000000e+00,0.000000000000000000e+00,0.000000000000000000e+00,0.000000000000000000e+00,0.000000000000000000e+00
0.000000000000000000e+00,0.000000000000000000e+00,0.000000000000000000e+00,0.000000000000000000e+00,0.000000000000000000e+00,0.000000000000000000e+00,0.000000000000000000e+00,4.533191370901178911e-05,7.270290031909870199e-05,0.000000000000000000e+00,6.188146516615469235e-06,1.314279998972577794e-04,9.736019431949658604e-05,1.578332029943936042e-05,0.000000000000000000e+00,0.000000000000000000e+00,0.000000000000000000e+00,4.954318157589258979e-05,0.000000000000000000e+00,0.000000000000000000e+00,0.000000000000000000e+00,0.000000000000000000e+00,0.000000000000000000e+00,0.000000000000000000e+00,0.000000000000000000e+00,0.000000000000000000e+00,0.000000000000000000e+00,0.000000000000000000e+00,0.000000000000000000e+00,0.000000000000000000e+00,0.000000000000000000e+00,0.000000000000000000e+00,0.000000000000000000e+00,0.000000000000000000e+00,0.000000000000000000e+00,0.000000000000000000e+00,0.000000000000000000e+00,1.442688853388987048e-05,2.288125400495359245e-05,9.846829471771994480e-06,2.158085913096955484e-04,0.000000000000000000e+00,0.000000000000000000e+00,0.000000000000000000e+00,0.000000000000000000e+00,3.017193365738290921e-05,1.524184129782583919e-04,2.826184303499397222e-05,1.882989258579632864e-04,1.076423027859378938e-04,0.000000000000000000e+00,1.529558252245341349e-04,6.715527090440333768e-05,0.000000000000000000e+00,0.000000000000000000e+00,0.000000000000000000e+00,0.000000000000000000e+00,0.000000000000000000e+00,0.000000000000000000e+00,0.000000000000000000e+00,0.000000000000000000e+00,1.835197925044465981e-05,1.829382849573225520e-04,0.000000000000000000e+00,5.070641660142677582e-05,6.136565059031330463e-05,1.363909050639013608e-04,8.930632495744052885e-05,6.092267069081459126e-06,1.547543747176875797e-05,1.233314066179597775e-04,0.000000000000000000e+00,2.052257676732999464e-06,1.677326325006884544e-05,5.299221016812580580e-05,0.000000000000000000e+00,0.000000000000000000e+00,6.955860591046413651e-05,3.047809566960498471e-05,0.000000000000000000e+00,1.369849220843996745e-05,5.647734951545629222e-05,2.999810471967415167e-05,1.192855662269303948e-04,2.638387290905065322e-05,1.145546942680988363e-04,4.759228113859021933e-05,1.757573737464356196e-04,6.285095856757296981e-05,1.597660388326289948e-04,1.001112704907160250e-04,2.768591274352834493e-05,9.897835527586399870e-05,7.026841979374188118e-05,8.939687786787330688e-05,5.348025569893545751e-05,8.561663137673304245e-05,5.218113421836302759e-05,1.237591727918397613e-04,9.625587757492336716e-05,1.575777230854953149e-04,3.379128745042235386e-05,1.591787787191387526e-05,2.421645513186896698e-05,0.000000000000000000e+00,0.000000000000000000e+00,0.000000000000000000e+00,0.000000000000000000e+00,0.000000000000000000e+00,0.000000000000000000e+00,0.000000000000000000e+00,0.000000000000000000e+00,0.000000000000000000e+00,0.000000000000000000e+00,0.000000000000000000e+00,0.000000000000000000e+00,0.000000000000000000e+00,0.000000000000000000e+00,0.000000000000000000e+00,0.000000000000000000e+00,0.000000000000000000e+00,0.000000000000000000e+00,0.000000000000000000e+00,0.000000000000000000e+00,0.000000000000000000e+00,0.000000000000000000e+00,0.000000000000000000e+00,0.000000000000000000e+00
0.000000000000000000e+00,0.000000000000000000e+00,0.000000000000000000e+00,0.000000000000000000e+00,0.000000000000000000e+00,0.000000000000000000e+00,0.000000000000000000e+00,0.000000000000000000e+00,9.553380378399421919e-05,9.995785947633479369e-05,7.329585893295828265e-05,7.423407278370028502e-05,1.671954116698478698e-04,1.629539675885289290e-05,0.000000000000000000e+00,0.000000000000000000e+00,5.665818540210386498e-05,0.000000000000000000e+00,9.844525598376540449e-05,1.684513010478698236e-05,0.000000000000000000e+00,0.000000000000000000e+00,0.000000000000000000e+00,0.000000000000000000e+00,0.000000000000000000e+00,0.000000000000000000e+00,0.000000000000000000e+00,0.000000000000000000e+00,0.000000000000000000e+00,0.000000000000000000e+00,0.000000000000000000e+00,0.000000000000000000e+00,0.000000000000000000e+00,0.000000000000000000e+00,0.000000000000000000e+00,0.000000000000000000e+00,1.233436361617616845e-04,5.660466698744045979e-05,2.334684699219527246e-05,3.286090997961945532e-05,0.000000000000000000e+00,0.000000000000000000e+00,0.000000000000000000e+00,0.000000000000000000e+00,0.000000000000000000e+00,0.000000000000000000e+00,5.617117821398176096e-05,7.779733580836862108e-05,4.886541651693812111e-05,7.024053762205123932e-05,1.583425498431423805e-04,4.447074692822028966e-05,0.000000000000000000e+00,0.000000000000000000e+00,0.000000000000000000e+00,0.000000000000000000e+00,0.000000000000000000e+00,0.000000000000000000e+00,0.000000000000000000e+00,0.000000000000000000e+00,0.000000000000000000e+00,1.447479218271498020e-05,2.159487979257423252e-05,3.253719729320917836e-05,8.753353181549622625e-05,6.398768394851168625e-05,6.514175046122249444e-05,6.606114753316208194e-05,5.187902451368286131e-05,9.295187919810774804e-05,1.417386024527038846e-04,2.018882324129565853e-04,5.067664286745377677e-05,7.004647491898751842e-05,4.037326258536590753e-05,9.037401628379160203e-05,4.766224782972378938e-05,0.000000000000000000e+00,3.122587968555355403e-05,0.000000000000000000e+00,5.682976599703393075e-05,2.613090972317436744e-05,4.619664166389216204e-05,4.387434095913028069e-05,1.359933442670029232e-04,5.132337281311633926e-05,1.145562925193421963e-04,1.210847948881121954e-04,1.638676784778880975e-04,2.459169523257420705e-05,1.277710468794068170e-04,8.026938241000950163e-05,9.214974344515616030e-05,3.941736123752548701e-05,1.483425361838836530e-04,6.942484873160705374e-05,6.086606519523938077e-05,8.047561244867911055e-05,6.794023198744889415e-05,1.363577952844074841e-04,6.868500472895726740e-05,1.067170178355342257e-04,4.858020354537043796e-05,0.000000000000000000e+00,0.000000000000000000e+00,0.000000000000000000e+00,0.000000000000000000e+00,0.000000000000000000e+00,0.000000000000000000e+00,0.000000000000000000e+00,0.000000000000000000e+00,0.000000000000000000e+00,0.000000000000000000e+00,0.000000000000000000e+00,0.000000000000000000e+00,0.000000000000000000e+00,0.000000000000000000e+00,5.578772695781349192e-05,2.693053099246276596e-05,0.000000000000000000e+00,0.000000000000000000e+00,0.000000000000000000e+00,0.000000000000000000e+00,0.000000000000000000e+00,0.000000000000000000e+00,0.000000000000000000e+00,0.000000000000000000e+00,8.880411072803866520e-06
0.000000000000000000e+00,0.000000000000000000e+00,0.000000000000000000e+00,0.000000000000000000e+00,0.000000000000000000e+00,0.000000000000000000e+00,0.000000000000000000e+00,0.000000000000000000e+00,8.593645962702593170e-05,8.521526076921397824e-05,1.506471771285077259e-04,5.865923036210351306e-05,1.393816512433429435e-04,6.470795581725652184e-05,1.325532417156576243e-04,0.000000000000000000e+00,7.479289450571292050e-05,1.320985973616444381e-05,6.616389792753166904e-05,0.000000000000000000e+00,1.570442320902080914e-04,7.359186904331024924e-05,1.259664052772532953e-05,0.000000000000000000e+00,0.000000000000000000e+00,0.000000000000000000e+00,0.000000000000000000e+00,0.000000000000000000e+00,0.000000000000000000e+00,0.000000000000000000e+00,0.000000000000000000e+00,0.000000000000000000e+00,0.000000000000000000e+00,0.000000000000000000e+00,0.000000000000000000e+00,0.000000000000000000e+00,7.551229549939229423e-05,0.000000000000000000e+00,0.000000000000000000e+00,0.000000000000000000e+00,0.000000000000000000e+00,0.000000000000000000e+00,0.000000000000000000e+00,0.000000000000000000e+00,0.000000000000000000e+00,0.000000000000000000e+00,0.000000000000000000e+00,0.000000000000000000e+00,2.275855855405037353e-04,2.163339402718984859e-04,1.123979691035826889e-04,6.318648165586037942e-05,1.315121566766273712e-04,1.417992900715693463e-04,8.191023507632284862e-05,0.000000000000000000e+00,0.000000000000000000e+00,0.000000000000000000e+00,0.000000000000000000e+00,0.000000000000000000e+00,0.000000000000000000e+00,5.757048286083351570e-06,0.000000000000000000e+00,0.000000000000000000e+00,0.000000000000000000e+00,7.865550114120706227e-05,1.529874981330215571e-04,4.891035794002986770e-05,5.718310364457976678e-05,0.000000000000000000e+00,1.207452638181780749e-04,4.909727299559111472e-04,1.180323069603569648e-04,5.292728517341195371e-05,5.797744596466072571e-05,6.860504461601284068e-05,8.927058477663386550e-06,2.845947496886553791e-05,5.924542597764704253e-05,3.762744280465359157e-05,4.515605478962660422e-05,0.000000000000000000e+00,0.000000000000000000e+00,2.091463775540498794e-05,3.546848752026584954e-05,6.492279407418834777e-05,5.887638254723635736e-05,7.061181211998412781e-05,1.015761357357269977e-04,5.997812571771148998e-05,8.492626372061970290e-05,7.461691671806509733e-05,5.482579894871308685e-05,2.106703412023978587e-05,1.125194135570289520e-04,5.232962116827584654e-05,8.547977493898563438e-05,3.579587681338346731e-05,1.003749183690008802e-04,1.097500842941522361e-04,1.256121949184581808e-04,4.855044429300019128e-05,6.685317204135881187e-05,1.366211645083970334e-06,0.000000000000000000e+00,0.000000000000000000e+00,0.000000000000000000e+00,0.000000000000000000e+00,0.000000000000000000e+00,0.000000000000000000e+00,0.000000000000000000e+00,0.000000000000000000e+00,0.000000000000000000e+00,0.000000000000000000e+00,0.000000000000000000e+00,0.000000000000000000e+00,0.000000000000000000e+00,4.454084580315106570e-05,1.008062031653079584e-05,0.000000000000000000e+00,0.000000000000000000e+00,0.000000000000000000e+00,0.000000000000000000e+00,0.000000000000000000e+00,0.000000000000000000e+00,0.000000000000000000e+00,4.195938658237980021e-06,7.258837618272600514e-05
0.000000000000000000e+00,0.000000000000000000e+00,0.000000000000000000e+00,0.000000000000000000e+00,0.000000000000000000e+00,0.000000000000000000e+00,0.000000000000000000e+00,0.000000000000000000e+00,2.202793973698453919e-05,0.000000000000000000e+00,3.609912473118829683e-05,7.812382224166465865e-05,2.132297888557686859e-05,4.870919972469959217e-05,1.383210431796976707e-04,4.090201778777587300e-05,1.180834882808663700e-04,2.109301285396133352e-05,2.710789685704619891e-05,1.097773934586934719e-04,6.166778586018902063e-05,1.259990417204924691e-04,1.901338612213420072e-04,0.000000000000000000e+00,0.000000000000000000e+00,0.000000000000000000e+00,0.000000000000000000e+00,0.000000000000000000e+00,0.000000000000000000e+00,0.000000000000000000e+00,0.000000000000000000e+00,0.000000000000000000e+00,0.000000000000000000e+00,0.000000000000000000e+00,0.000000000000000000e+00,0.000000000000000000e+00,3.399694486770860483e-06,1.183845076395098519e-04,7.439452818320701664e-05,8.148315806114357933e-05,0.000000000000000000e+00,0.000000000000000000e+00,0.000000000000000000e+00,0.000000000000000000e+00,0.000000000000000000e+00,0.000000000000000000e+00,0.000000000000000000e+00,0.000000000000000000e+00,3.257197162288213716e-05,3.827170194253475357e-04,1.388824690717377808e-04,1.956574122462965482e-05,7.655123683027687204e-05,6.291532400222117399e-05,1.048212403187582251e-04,1.705886801050275799e-04,1.979874211064376911e-05,0.000000000000000000e+00,0.000000000000000000e+00,0.000000000000000000e+00,0.000000000000000000e+00,0.000000000000000000e+00,0.000000000000000000e+00,0.000000000000000000e+00,0.000000000000000000e+00,9.744465141465137082e-05,1.311725667303569628e-04,2.810076626605015936e-05,3.443662365133472398e-05,1.355464613614670215e-04,4.043128292435953138e-05,0.000000000000000000e+00,3.616752883441786754e-05,3.600329840750832601e-05,5.804968028921042079e-05,1.284588285356485458e-05,9.368078749247698721e-06,2.298034594061414400e-05,5.998283809177508641e-05,0.000000000000000000e+00,6.763148572846958855e-05,3.366515240922876204e-05,3.613042604226625288e-05,2.573540941316839975e-05,8.831249634558631281e-05,3.519700605394528381e-05,1.156606601060125491e-04,5.356721473585715157e-05,1.541719692186314982e-04,5.381582212646155908e-05,4.979903263957233500e-05,8.338652735533456245e-05,1.027267182205418426e-04,0.000000000000000000e+00,5.300475917329169814e-06,9.032167674119760410e-05,7.562758253628422963e-06,1.000916094021801951e-04,4.165292172171745140e-05,8.019073324374312393e-05,8.387888586125788286e-05,1.474820907461319580e-04,9.037109034311721634e-05,8.982481296627581335e-05,2.184537832953772674e-05,0.000000000000000000e+00,0.000000000000000000e+00,0.000000000000000000e+00,0.000000000000000000e+00,0.000000000000000000e+00,0.000000000000000000e+00,0.000000000000000000e+00,0.000000000000000000e+00,0.000000000000000000e+00,0.000000000000000000e+00,0.000000000000000000e+00,0.000000000000000000e+00,0.000000000000000000e+00,5.008398259618649907e-05,1.022637099241817578e-05,0.000000000000000000e+00,0.000000000000000000e+00,0.000000000000000000e+00,0.000000000000000000e+00,0.000000000000000000e+00,0.000000000000000000e+00,0.000000000000000000e+00,0.000000000000000000e+00
0.000000000000000000e+00,0.000000000000000000e+00,0.000000000000000000e+00,0.000000000000000000e+00,0.000000000000000000e+00,0.000000000000000000e+00,2.684844041380470358e-05,3.225708795177926851e-05,1.254775308774378739e-05,5.802191235398011061e-05,4.959367325615410537e-05,8.350566243745921038e-05,8.438568318511381356e-05,7.401496558386334054e-05,6.544001470933923938e-05,7.350633261796334799e-05,3.064735328207137565e-05,7.493529342031923746e-05,3.133730916435714171e-05,5.373180636621996246e-05,7.390307681762756315e-05,1.585612730171092612e-04,6.195947186367358980e-05,0.000000000000000000e+00,0.000000000000000000e+00,0.000000000000000000e+00,0.000000000000000000e+00,0.000000000000000000e+00,0.000000000000000000e+00,0.000000000000000000e+00,0.000000000000000000e+00,0.000000000000000000e+00,0.000000000000000000e+00,0.000000000000000000e+00,0.000000000000000000e+00,0.000000000000000000e+00,0.000000000000000000e+00,5.643429156572542106e-06,0.000000000000000000e+00,0.000000000000000000e+00,0.000000000000000000e+00,0.000000000000000000e+00,0.000000000000000000e+00,0.000000000000000000e+00,0.000000000000000000e+00,0.000000000000000000e+00,0.000000000000000000e+00,6.228910374616004550e-05,1.459014219882527564e-04,9.766266166783011944e-05,0.000000000000000000e+00,0.000000000000000000e+00,9.317998973399880148e-05,1.590177992833529492e-04,1.814270169821453817e-04,6.738605329297832867e-05,8.822565944538877437e-05,0.000000000000000000e+00,0.000000000000000000e+00,0.000000000000000000e+00,0.000000000000000000e+00,0.000000000000000000e+00,0.000000000000000000e+00,0.000000000000000000e+00,0.000000000000000000e+00,9.728660902399569380e-05,4.556954141405738243e-05,0.000000000000000000e+00,0.000000000000000000e+00,1.420544584943020905e-05,1.181368958240545936e-04,4.250617233230626481e-06,1.003975644099896190e-04,9.296846762997521062e-05,7.565912020575424714e-05,2.854357162611838891e-05,3.457611616630459857e-05,0.000000000000000000e+00,2.940431283494848591e-05,3.888210723841835229e-05,7.873885243532957590e-05,4.958017974402817007e-05,8.272046331692103709e-05,0.000000000000000000e+00,0.000000000000000000e+00,0.000000000000000000e+00,5.089655576121553835e-06,6.502131073328704190e-05,4.582203379401651776e-05,3.227584711346126483e-05,6.007325294187609540e-05,4.134131572855655607e-05,3.675304486633534988e-05,0.000000000000000000e+00,0.000000000000000000e+00,0.000000000000000000e+00,9.076802695825018940e-05,2.294711205788803281e-05,7.848575759598703432e-05,0.000000000000000000e+00,7.364258651074177201e-05,5.026072384820497760e-05,9.393325346801408449e-05,5.138264087449772059e-05,7.701434790570841108e-05,9.825948565152222097e-06,0.000000000000000000e+00,0.000000000000000000e+00,0.000000000000000000e+00,0.000000000000000000e+00,0.000000000000000000e+00,0.000000000000000000e+00,0.000000000000000000e+00,0.000000000000000000e+00,0.000000000000000000e+00,0.000000000000000000e+00,0.000000000000000000e+00,0.000000000000000000e+00,0.000000000000000000e+00,0.000000000000000000e+00,0.000000000000000000e+00,0.000000000000000000e+00,0.000000000000000000e+00,0.000000000000000000e+00,0.000000000000000000e+00,0.000000000000000000e+00,0.000000000000000000e+00,0.000000000000000000e+00
0.000000000000000000e+00,0.000000000000000000e+00,0.000000000000000000e+00,0.000000000000000000e+00,8.445704441189672148e-05,3.173126881901987164e-05,5.828301668852040219e-05,0.000000000000000000e+00,7.659019025053644865e-06,1.147394856377191260e-05,0.000000000000000000e+00,0.000000000000000000e+00,1.186064206573062793e-04,3.028000981104480370e-05,8.929300160781511843e-05,1.187880519294195878e-04,1.344973482117095987e-04,5.915365458449735867e-05,0.000000000000000000e+00,8.686087278050405613e-05,1.878856449245389516e-04,9.157490400473624974e-05,8.250528364031156593e-05,0.000000000000000000e+00,0.000000000000000000e+00,0.000000000000000000e+00,0.000000000000000000e+00,0.000000000000000000e+00,0.000000000000000000e+00,0.000000000000000000e+00,0.000000000000000000e+00,0.000000000000000000e+00,0.000000000000000000e+00,0.000000000000000000e+00,0.000000000000000000e+00,2.870648696933393866e-04,0.000000000000000000e+00,0.000000000000000000e+00,0.000000000000000000e+00,0.000000000000000000e+00,0.000000000000000000e+00,0.000000000000000000e+00,0.000000000000000000e+00,0.000000000000000000e+00,0.000000000000000000e+00,0.000000000000000000e+00,1.537752628788252183e-05,0.000000000000000000e+00,0.000000000000000000e+00,3.853306606156880298e-06,1.541988403541395025e-05,4.025218112130036488e-05,1.411576296343210982e-04,7.849671268781531334e-05,5.202071773189479109e-05,1.091899558169640434e-04,1.509811154503960795e-04,3.016697862645303254e-05,9.527264849099620499e-05,0.000000000000000000e+00,0.000000000000000000e+00,0.000000000000000000e+00,0.000000000000000000e+00,0.000000000000000000e+00,0.000000000000000000e+00,3.402114629901807120e-05,6.953552530379845671e-05,0.000000000000000000e+00,0.000000000000000000e+00,0.000000000000000000e+00,1.332263369145551888e-04,7.453653434538370156e-05,6.174181034800303204e-05,0.000000000000000000e+00,0.000000000000000000e+00,1.539942736378548642e-05,6.534918331973119479e-05,0.000000000000000000e+00,0.000000000000000000e+00,1.587232461179178530e-05,0.000000000000000000e+00,0.000000000000000000e+00,4.429045630889495049e-05,5.891241250577580193e-05,4.591902842581657658e-05,0.000000000000000000e+00,6.982154930637460505e-05,9.075331769293077657e-05,1.493548000292850141e-04,3.773461341717662692e-05,0.000000000000000000e+00,0.000000000000000000e+00,0.000000000000000000e+00,0.000000000000000000e+00,0.000000000000000000e+00,0.000000000000000000e+00,0.000000000000000000e+00,7.619556935838546886e-05,2.103226185030322137e-05,7.250243763100778550e-05,2.900284590904939891e-05,1.516046832306368959e-04,8.123949865592412843e-05,1.327344450876193419e-04,7.197712450534257840e-05,1.694962300949475083e-04,1.023748163663278158e-05,0.000000000000000000e+00,0.000000000000000000e+00,0.000000000000000000e+00,0.000000000000000000e+00,0.000000000000000000e+00,0.000000000000000000e+00,0.000000000000000000e+00,0.000000000000000000e+00,0.000000000000000000e+00,0.000000000000000000e+00,0.000000000000000000e+00,0.000000000000000000e+00,0.000000000000000000e+00,0.000000000000000000e+00,0.000000000000000000e+00,0.000000000000000000e+00,0.000000000000000000e+00,0.000000000000000000e+00,0.000000000000000000e+00,0.000000000000000000e+00,0.000000000000000000e+00
0.000000000000000000e+00,0.000000000000000000e+00,0.000000000000000000e+00,0.000000000000000000e+00,1.584107080701909501e-05,4.725995275068884505e-05,0.000000000000000000e+00,3.908042604479622226e-05,7.266520661293524124e-06,1.591211459641878970e-05,6.736809401342892800e-05,0.000000000000000000e+00,0.000000000000000000e+00,8.360199953615905604e-05,7.781759853969647455e-05,1.456090429989163524e-04,8.568920608819698972e-05,7.843929270617857577e-05,7.807123232096925731e-05,7.131240481477357828e-05,3.943375929063764094e-05,1.593681704112695507e-04,1.158481399040349100e-04,1.190562939443597177e-04,0.000000000000000000e+00,0.000000000000000000e+00,0.000000000000000000e+00,0.000000000000000000e+00,0.000000000000000000e+00,0.000000000000000000e+00,0.000000000000000000e+00,0.000000000000000000e+00,0.000000000000000000e+00,0.000000000000000000e+00,4.630588766491825240e-05,0.000000000000000000e+00,0.000000000000000000e+00,0.000000000000000000e+00,0.000000000000000000e+00,0.000000000000000000e+00,0.000000000000000000e+00,0.000000000000000000e+00,0.000000000000000000e+00,0.000000000000000000e+00,0.000000000000000000e+00,0.000000000000000000e+00,0.000000000000000000e+00,0.000000000000000000e+00,0.000000000000000000e+00,0.000000000000000000e+00,3.360572727085916415e-05,3.111620225569519525e-05,7.950637502975220835e-06,2.824728463166248827e-04,2.745987051136182392e-04,4.591547437052162007e-05,7.982048595478109961e-05,2.140852771103786780e-04,1.277192519639551405e-04,0.000000000000000000e+00,0.000000000000000000e+00,0.000000000000000000e+00,0.000000000000000000e+00,0.000000000000000000e+00,4.088763955463929620e-06,6.933976134969586133e-05,6.794538447753604516e-05,7.090743375593881780e-05,4.564536131252610267e-05,8.414294533699167872e-05,3.760343893661605006e-05,3.178264550533898831e-05,2.800817121818055373e-05,2.201632049477697277e-06,0.000000000000000000e+00,4.719257749352791566e-06,8.957847027926873552e-05,4.015064198798191334e-05,7.661400920505363895e-05,3.189990916766673016e-05,9.358152837256310675e-05,1.378632714601093058e-04,4.349122434809888287e-05,9.527178872840751306e-05,5.910403312228966233e-05,0.000000000000000000e+00,1.981591424641272240e-05,7.308435728605435975e-05,9.875330702171899652e-05,9.343962457560215881e-05,0.000000000000000000e+00,0.000000000000000000e+00,0.000000000000000000e+00,0.000000000000000000e+00,0.000000000000000000e+00,0.000000000000000000e+00,0.000000000000000000e+00,2.330159040536156580e-05,0.000000000000000000e+00,0.000000000000000000e+00,0.000000000000000000e+00,0.000000000000000000e+00,0.000000000000000000e+00,0.000000000000000000e+00,0.000000000000000000e+00,0.000000000000000000e+00,0.000000000000000000e+00,0.000000000000000000e+00,0.000000000000000000e+00,0.000000000000000000e+00,0.000000000000000000e+00,0.000000000000000000e+00,0.000000000000000000e+00,0.000000000000000000e+00,0.000000000000000000e+00,0.000000000000000000e+00,0.000000000000000000e+00,0.000000000000000000e+00,0.000000000000000000e+00,0.000000000000000000e+00,0.000000000000000000e+00,0.000000000000000000e+00,0.000000000000000000e+00,0.000000000000000000e+00,0.000000000000000000e+00,0.000000000000000000e+00,0.000000000000000000e+00,0.000000000000000000e+00
3.190195454571844683e-05,1.944364432404528653e-06,0.000000000000000000e+00,0.000000000000000000e+00,0.000000000000000000e+00,0.000000000000000000e+00,2.402661225003292569e-05,0.000000000000000000e+00,0.000000000000000000e+00,2.677546842041833255e-05,4.633144313103566413e-05,2.481684423640354438e-05,1.195716347327944930e-05,1.159643627313155140e-04,1.340750344176069679e-04,6.854830843860006790e-05,1.283060776038317684e-04,1.467239624572230208e-04,7.508511714756027850e-05,9.018822967955828840e-05,1.976191884810529829e-04,5.791883998675683765e-05,0.000000000000000000e+00,1.039129324863002972e-04,6.220855431098891246e-05,0.000000000000000000e+00,0.000000000000000000e+00,0.000000000000000000e+00,0.000000000000000000e+00,0.000000000000000000e+00,0.000000000000000000e+00,0.000000000000000000e+00,0.000000000000000000e+00,4.002380277239342719e-05,0.000000000000000000e+00,0.000000000000000000e+00,0.000000000000000000e+00,3.000023570369708350e-05,4.414793303417634272e-06,0.000000000000000000e+00,0.000000000000000000e+00,0.000000000000000000e+00,1.679891626794215224e-05,4.277196272314061527e-05,0.000000000000000000e+00,0.000000000000000000e+00,0.000000000000000000e+00,0.000000000000000000e+00,3.456117454358324407e-05,2.728967506205396803e-05,0.000000000000000000e+00,0.000000000000000000e+00,0.000000000000000000e+00,1.927150987020994049e-04,7.727039269589520791e-05,0.000000000000000000e+00,1.523117409805299172e-04,1.346583374351955189e-04,7.919064472482304791e-06,6.381236404424784985e-05,0.000000000000000000e+00,0.000000000000000000e+00,0.000000000000000000e+00,0.000000000000000000e+00,3.564023294571081152e-06,0.000000000000000000e+00,0.000000000000000000e+00,1.991292610010449992e-05,1.398263554018933661e-04,7.319067146717344392e-05,1.217781443312188365e-04,1.202578662767959266e-04,5.139162515484557074e-05,1.115543319304166172e-05,2.680473661624193382e-05,4.853837503113293410e-05,0.000000000000000000e+00,6.861857718708611628e-05,0.000000000000000000e+00,6.374352973146495420e-05,2.107643330756228518e-05,5.671840160420375809e-05,3.159419669903232937e-05,0.000000000000000000e+00,0.000000000000000000e+00,0.000000000000000000e+00,0.000000000000000000e+00,8.363839687682663772e-05,1.497813310010122519e-04,1.463248084771461553e-04,7.471081355034779755e-05,0.000000000000000000e+00,0.000000000000000000e+00,0.000000000000000000e+00,0.000000000000000000e+00,0.000000000000000000e+00,0.000000000000000000e+00,0.000000000000000000e+00,0.000000000000000000e+00,0.000000000000000000e+00,0.000000000000000000e+00,0.000000000000000000e+00,0.000000000000000000e+00,0.000000000000000000e+00,0.000000000000000000e+00,0.000000000000000000e+00,0.000000000000000000e+00,0.000000000000000000e+00,0.000000000000000000e+00,0.000000000000000000e+00,0.000000000000000000e+00,0.000000000000000000e+00,0.000000000000000000e+00,0.000000000000000000e+00,0.000000000000000000e+00,0.000000000000000000e+00,0.000000000000000000e+00,0.000000000000000000e+00,0.000000000000000000e+00,0.000000000000000000e+00,0.000000000000000000e+00,0.000000000000000000e+00,0.000000000000000000e+00,0.000000000000000000e+00,0.000000000000000000e+00,0.000000000000000000e+00,0.000000000000000000e+00,0.000000000000000000e+00
0.000000000000000000e+00,0.000000000000000000e+00,0.000000000000000000e+00,0.000000000000000000e+00,2.630408546311232987e-05,3.804983270562418859e-05,8.319337739914870367e-05,1.847820665936253696e-05,6.263350767891161350e-05,1.062839934431595929e-05,0.000000000000000000e+00,3.289796735510439280e-05,9.628008588770312472e-05,1.079814027751921033e-05,1.475648834816261940e-04,1.657203828042262033e-04,8.725564983813622743e-05,7.166484718091521993e-05,1.973997727075956204e-04,1.101283074951966095e-04,3.696808956294643077e-05,1.728269004438066637e-05,1.422933372174504843e-04,7.602016372854440154e-05,1.463105019122311237e-04,0.000000000000000000e+00,0.000000000000000000e+00,0.000000000000000000e+00,0.000000000000000000e+00,0.000000000000000000e+00,1.687412188110627977e-05,0.000000000000000000e+00,0.000000000000000000e+00,0.000000000000000000e+00,0.000000000000000000e+00,0.000000000000000000e+00,0.000000000000000000e+00,2.622901917269283443e-05,2.072777599451271322e-05,1.637688563904337482e-05,0.000000000000000000e+00,4.525585289353982335e-05,8.753437464243912064e-05,0.000000000000000000e+00,4.137324555075056859e-06,1.908868990309607152e-05,0.000000000000000000e+00,1.368541504421977089e-04,7.894938380451092450e-05,0.000000000000000000e+00,8.125372127896117195e-06,0.000000000000000000e+00,0.000000000000000000e+00,2.589641800429807642e-05,8.242391851569847089e-05,8.393101504799666890e-05,2.090436192980158072e-05,8.456479219740898907e-05,1.252917009159223115e-04,0.000000000000000000e+00,0.000000000000000000e+00,1.398542315933487427e-05,2.476365926527873875e-06,8.597875384763890678e-06,4.324185695600371874e-05,5.465377707814321988e-05,0.000000000000000000e+00,0.000000000000000000e+00,1.156987228979019150e-04,8.629489417048168739e-05,4.723925580835643058e-05,8.627336321224283978e-05,2.298945826466656335e-05,1.287616930799901883e-05,2.248326177628055488e-05,2.338430620326735032e-05,0.000000000000000000e+00,0.000000000000000000e+00,0.000000000000000000e+00,3.607255315868075586e-05,5.668504067286991507e-05,1.188738120932520591e-04,1.464768956358343348e-04,8.391480048557212494e-05,0.000000000000000000e+00,0.000000000000000000e+00,8.043329208033883138e-05,4.769602521612723999e-05,9.758089142332775621e-05,1.172426237793971674e-04,8.991426996356890826e-05,2.899269623805810853e-05,4.935176482781769200e-05,3.466597852444926821e-05,4.643092695416817220e-06,0.000000000000000000e+00,0.000000000000000000e+00,0.000000000000000000e+00,0.000000000000000000e+00,0.000000000000000000e+00,0.000000000000000000e+00,0.000000000000000000e+00,0.000000000000000000e+00,0.000000000000000000e+00,0.000000000000000000e+00,0.000000000000000000e+00,0.000000000000000000e+00,0.000000000000000000e+00,0.000000000000000000e+00,0.000000000000000000e+00,0.000000000000000000e+00,0.000000000000000000e+00,0.000000000000000000e+00,0.000000000000000000e+00,0.000000000000000000e+00,0.000000000000000000e+00,0.000000000000000000e+00,0.000000000000000000e+00,0.000000000000000000e+00,0.000000000000000000e+00,0.000000000000000000e+00,0.000000000000000000e+00,0.000000000000000000e+00,0.000000000000000000e+00,0.000000000000000000e+00,0.000000000000000000e+00,0.000000000000000000e+00,1.194904696386250535e-05
0.000000000000000000e+00,0.000000000000000000e+00,0.000000000000000000e+00,2.349605375701653502e-05,0.000000000000000000e+00,0.000000000000000000e+00,0.000000000000000000e+00,0.000000000000000000e+00,0.000000000000000000e+00,0.000000000000000000e+00,1.640504014906798234e-05,0.000000000000000000e+00,3.950710365913228934e-05,1.218394700896340319e-04,2.119235806031842474e-04,2.236005533631652540e-04,1.158897328147406397e-04,1.185678351775842139e-04,1.221797818053819724e-04,8.800374368889473189e-05,2.065790464279465858e-04,1.313124541661665810e-04,6.655162475477506112e-05,5.525094919677931690e-05,3.196136829062183002e-05,7.913116676040635839e-05,5.373786974642842613e-05,0.000000000000000000e+00,1.167263200620529888e-05,1.272297659303319024e-05,0.000000000000000000e+00,9.226631886717632971e-05,1.005445716172725399e-05,0.000000000000000000e+00,0.000000000000000000e+00,0.000000000000000000e+00,0.000000000000000000e+00,2.913658675223675679e-05,4.284247945597653571e-05,1.811023894692726167e-05,5.190251079858966310e-05,0.000000000000000000e+00,3.033063289642838996e-05,0.000000000000000000e+00,7.981550761143867568e-05,0.000000000000000000e+00,0.000000000000000000e+00,0.000000000000000000e+00,0.000000000000000000e+00,0.000000000000000000e+00,0.000000000000000000e+00,0.000000000000000000e+00,0.000000000000000000e+00,0.000000000000000000e+00,0.000000000000000000e+00,4.597159863294185292e-05,1.508615429770039803e-04,9.297447081792832623e-05,1.084394626735693751e-04,7.613109425545834421e-05,4.570416829327881647e-05,7.824464970164514963e-05,0.000000000000000000e+00,0.000000000000000000e+00,4.554736981134710922e-05,1.808472384258759578e-05,0.000000000000000000e+00,4.069483697081702136e-05,3.534478532066543001e-05,0.000000000000000000e+00,0.000000000000000000e+00,0.000000000000000000e+00,5.699933549689229238e-05,0.000000000000000000e+00,2.277775154452374274e-05,6.965587574062892247e-05,0.000000000000000000e+00,0.000000000000000000e+00,0.000000000000000000e+00,1.162041204216454751e-04,1.209144655300227319e-05,0.000000000000000000e+00,0.000000000000000000e+00,1.566441271523227419e-05,0.000000000000000000e+00,0.000000000000000000e+00,0.000000000000000000e+00,3.951993152264672386e-05,1.125423904239344143e-04,4.253707416717210832e-05,7.153644461541951486e-05,1.066138665583975524e-04,5.577285666495932116e-05,9.982366945490577274e-05,3.007937052430684506e-05,0.000000000000000000e+00,0.000000000000000000e+00,0.000000000000000000e+00,0.000000000000000000e+00,0.000000000000000000e+00,0.000000000000000000e+00,0.000000000000000000e+00,0.000000000000000000e+00,0.000000000000000000e+00,0.000000000000000000e+00,0.000000000000000000e+00,0.000000000000000000e+00,0.000000000000000000e+00,0.000000000000000000e+00,0.000000000000000000e+00,0.000000000000000000e+00,0.000000000000000000e+00,0.000000000000000000e+00,0.000000000000000000e+00,0.000000000000000000e+00,0.000000000000000000e+00,0.000000000000000000e+00,0.000000000000000000e+00,0.000000000000000000e+00,0.000000000000000000e+00,0.000000000000000000e+00,0.000000000000000000e+00,0.000000000000000000e+00,0.000000000000000000e+00,0.000000000000000000e+00,0.000000000000000000e+00,8.027836251542983111e-05,5.244239966733666439e-05
5.461149790217377971e-06,0.000000000000000000e+00,0.000000000000000000e+00,0.000000000000000000e+00,0.000000000000000000e+00,0.000000000000000000e+00,0.000000000000000000e+00,0.000000000000000000e+00,0.000000000000000000e+00,4.269754973322322514e-05,4.038464554994684682e-06,3.631263984635259881e-05,2.745079315643717910e-05,7.555182815973800702e-05,5.975657358184001904e-05,1.451971038726507278e-04,9.383240468017529402e-05,7.056125253384193244e-05,1.121516522935228161e-04,1.666951229456317999e-04,7.579064211178902376e-05,0.000000000000000000e+00,2.575974749693072866e-05,1.470782125160268068e-04,1.220051625789736889e-04,3.414402793443008889e-05,6.426110886358610112e-05,1.418666466183845555e-04,8.262688126531226218e-05,0.000000000000000000e+00,0.000000000000000000e+00,3.910387281095021633e-06,1.152637666697768149e-04,7.840482013917424197e-05,0.000000000000000000e+00,0.000000000000000000e+00,0.000000000000000000e+00,0.000000000000000000e+00,8.237410285047147421e-05,5.811726336008197173e-05,0.000000000000000000e+00,0.000000000000000000e+00,0.000000000000000000e+00,2.237175664363013936e-05,0.000000000000000000e+00,0.000000000000000000e+00,0.000000000000000000e+00,0.000000000000000000e+00,0.000000000000000000e+00,0.000000000000000000e+00,0.000000000000000000e+00,0.000000000000000000e+00,0.000000000000000000e+00,0.000000000000000000e+00,7.669806506385988846e-05,8.827098465818900344e-05,0.000000000000000000e+00,4.922699861444451957e-05,4.763995020152032693e-05,4.036322733194377618e-05,6.304223982387573491e-05,0.000000000000000000e+00,0.000000000000000000e+00,6.155159516849202596e-05,2.618246862375378292e-05,0.000000000000000000e+00,0.000000000000000000e+00,5.163618990379750459e-04,6.481927563793265937e-04,0.000000000000000000e+00,0.000000000000000000e+00,0.000000000000000000e+00,1.728146652582691428e-05,7.716729153547260720e-06,6.743750953996403971e-05,0.000000000000000000e+00,7.446956182747104251e-05,0.000000000000000000e+00,0.000000000000000000e+00,0.000000000000000000e+00,0.000000000000000000e+00,0.000000000000000000e+00,0.000000000000000000e+00,0.000000000000000000e+00,0.000000000000000000e+00,0.000000000000000000e+00,0.000000000000000000e+00,0.000000000000000000e+00,5.941049850688866217e-06,8.705684509183677527e-05,0.000000000000000000e+00,7.290920010920188957e-05,5.851136133107056952e-05,8.064298031008341257e-05,0.000000000000000000e+00,0.000000000000000000e+00,0.000000000000000000e+00,0.000000000000000000e+00,0.000000000000000000e+00,0.000000000000000000e+00,0.000000000000000000e+00,0.000000000000000000e+00,0.000000000000000000e+00,0.000000000000000000e+00,0.000000000000000000e+00,0.000000000000000000e+00,0.000000000000000000e+00,0.000000000000000000e+00,0.000000000000000000e+00,0.000000000000000000e+00,0.000000000000000000e+00,0.000000000000000000e+00,0.000000000000000000e+00,0.000000000000000000e+00,0.000000000000000000e+00,0.000000000000000000e+00,0.000000000000000000e+00,0.000000000000000000e+00,0.000000000000000000e+00,0.000000000000000000e+00,0.000000000000000000e+00,0.000000000000000000e+00,0.000000000000000000e+00,0.000000000000000000e+00,0.000000000000000000e+00,2.986616889075750753e-05,1.296508469267842990e-05,7.297627367001850512e-05
4.963623595366248260e-05,0.000000000000000000e+00,0.000000000000000000e+00,0.000000000000000000e+00,0.000000000000000000e+00,0.000000000000000000e+00,0.000000000000000000e+00,0.000000000000000000e+00,0.000000000000000000e+00,9.845319771760020040e-05,6.130398669585027463e-05,4.778234752593692625e-05,0.000000000000000000e+00,3.919997967399489037e-05,9.769164750789907507e-05,1.341620291521541681e-04,1.185955058972904208e-04,1.424306611111339125e-04,1.449158882420331119e-04,7.524010213123632053e-05,0.000000000000000000e+00,1.074546652132201790e-04,7.887782413992436552e-05,7.942925074237128474e-05,5.997827312599726983e-05,1.168522007500448278e-04,7.942722562262659000e-05,1.183302388464759974e-05,8.374583873132829172e-05,8.578673319672361212e-05,0.000000000000000000e+00,4.757142888404986578e-05,0.000000000000000000e+00,4.543177494329335924e-05,7.189290132900393614e-06,3.039622464547712515e-05,1.682672057901213796e-06,0.000000000000000000e+00,6.757734215008187241e-06,0.000000000000000000e+00,0.000000000000000000e+00,0.000000000000000000e+00,0.000000000000000000e+00,0.000000000000000000e+00,0.000000000000000000e+00,0.000000000000000000e+00,0.000000000000000000e+00,0.000000000000000000e+00,0.000000000000000000e+00,0.000000000000000000e+00,0.000000000000000000e+00,0.000000000000000000e+00,0.000000000000000000e+00,0.000000000000000000e+00,0.000000000000000000e+00,6.365256220875197164e-05,1.303753587650255115e-04,3.297081123725808534e-05,0.000000000000000000e+00,0.000000000000000000e+00,5.873398903431487373e-06,2.724099580580562963e-05,0.000000000000000000e+00,0.000000000000000000e+00,0.000000000000000000e+00,0.000000000000000000e+00,0.000000000000000000e+00,0.000000000000000000e+00,0.000000000000000000e+00,0.000000000000000000e+00,0.000000000000000000e+00,0.000000000000000000e+00,0.000000000000000000e+00,0.000000000000000000e+00,0.000000000000000000e+00,0.000000000000000000e+00,0.000000000000000000e+00,0.000000000000000000e+00,0.000000000000000000e+00,0.000000000000000000e+00,0.000000000000000000e+00,0.000000000000000000e+00,0.000000000000000000e+00,0.000000000000000000e+00,0.000000000000000000e+00,0.000000000000000000e+00,0.000000000000000000e+00,0.000000000000000000e+00,0.000000000000000000e+00,1.074394460639387115e-05,1.676059401564916444e-05,2.794956451410910954e-05,3.147897116852213322e-05,3.357508780668666147e-06,0.000000000000000000e+00,0.000000000000000000e+00,0.000000000000000000e+00,0.000000000000000000e+00,0.000000000000000000e+00,0.000000000000000000e+00,0.000000000000000000e+00,0.000000000000000000e+00,0.000000000000000000e+00,0.000000000000000000e+00,0.000000000000000000e+00,0.000000000000000000e+00,0.000000000000000000e+00,0.000000000000000000e+00,0.000000000000000000e+00,0.000000000000000000e+00,0.000000000000000000e+00,0.000000000000000000e+00,0.000000000000000000e+00,0.000000000000000000e+00,0.000000000000000000e+00,0.000000000000000000e+00,0.000000000000000000e+00,0.000000000000000000e+00,0.000000000000000000e+00,0.000000000000000000e+00,0.000000000000000000e+00,0.000000000000000000e+00,0.000000000000000000e+00,0.000000000000000000e+00,1.425938477524281443e-05,4.238943776177523114e-05,0.000000000000000000e+00,1.112085121059743084e-04
0.000000000000000000e+00,0.000000000000000000e+00,0.000000000000000000e+00,0.000000000000000000e+00,0.000000000000000000e+00,0.000000000000000000e+00,0.000000000000000000e+00,0.000000000000000000e+00,0.000000000000000000e+00,0.000000000000000000e+00,0.000000000000000000e+00,1.531321615330236008e-05,2.921491348673830061e-05,1.332133395047887300e-04,9.111860403660306136e-05,7.057306887697826169e-05,3.952831125175928210e-05,1.508298256338108060e-04,7.731363000957490103e-06,9.056960594148320734e-05,2.882480442747613225e-05,9.776027866923894230e-05,7.070930004708997417e-06,1.041951041284795623e-04,5.748567891634284526e-05,7.279259696840463100e-05,4.726128122890009895e-05,7.915435533811804184e-05,1.072846953884236404e-04,1.038682454587796334e-04,0.000000000000000000e+00,5.653041965733620060e-05,8.264222668199625239e-05,0.000000000000000000e+00,0.000000000000000000e+00,0.000000000000000000e+00,8.791187390565434977e-05,2.296721423586008589e-05,0.000000000000000000e+00,0.000000000000000000e+00,0.000000000000000000e+00,0.000000000000000000e+00,0.000000000000000000e+00,0.000000000000000000e+00,0.000000000000000000e+00,0.000000000000000000e+00,0.000000000000000000e+00,0.000000000000000000e+00,0.000000000000000000e+00,0.000000000000000000e+00,0.000000000000000000e+00,0.000000000000000000e+00,0.000000000000000000e+00,0.000000000000000000e+00,0.000000000000000000e+00,0.000000000000000000e+00,0.000000000000000000e+00,2.538616211562396517e-05,1.078819327709738292e-04,0.000000000000000000e+00,0.000000000000000000e+00,0.000000000000000000e+00,0.000000000000000000e+00,0.000000000000000000e+00,0.000000000000000000e+00,1.387908542282252828e-04,1.669208254407660399e-05,0.000000000000000000e+00,0.000000000000000000e+00,1.470246049782742372e-05,9.314636139368100501e-05,0.000000000000000000e+00,0.000000000000000000e+00,0.000000000000000000e+00,0.000000000000000000e+00,0.000000000000000000e+00,0.000000000000000000e+00,0.000000000000000000e+00,0.000000000000000000e+00,0.000000000000000000e+00,0.000000000000000000e+00,0.000000000000000000e+00,0.000000000000000000e+00,0.000000000000000000e+00,0.000000000000000000e+00,0.000000000000000000e+00,0.000000000000000000e+00,0.000000000000000000e+00,0.000000000000000000e+00,3.991006243693078398e-05,8.667329054882781707e-06,2.724533194146788447e-05,4.455972287915824367e-05,0.000000000000000000e+00,0.000000000000000000e+00,0.000000000000000000e+00,0.000000000000000000e+00,0.000000000000000000e+00,0.000000000000000000e+00,0.000000000000000000e+00,0.000000000000000000e+00,0.000000000000000000e+00,0.000000000000000000e+00,0.000000000000000000e+00,0.000000000000000000e+00,0.000000000000000000e+00,0.000000000000000000e+00,0.000000000000000000e+00,0.000000000000000000e+00,0.000000000000000000e+00,0.000000000000000000e+00,0.000000000000000000e+00,0.000000000000000000e+00,0.000000000000000000e+00,0.000000000000000000e+00,0.000000000000000000e+00,0.000000000000000000e+00,0.000000000000000000e+00,0.000000000000000000e+00,0.000000000000000000e+00,0.000000000000000000e+00,0.000000000000000000e+00,0.000000000000000000e+00,6.304646219827496605e-05,4.911456844841591323e-05,6.297027235832716383e-05,2.919311782834382925e-05,7.665117197492244338e-05
0.000000000000000000e+00,0.000000000000000000e+00,0.000000000000000000e+00,0.000000000000000000e+00,0.000000000000000000e+00,0.000000000000000000e+00,0.000000000000000000e+00,0.000000000000000000e+00,0.000000000000000000e+00,0.000000000000000000e+00,0.000000000000000000e+00,1.158420772311948347e-04,1.510908573372444022e-04,9.177822617837476360e-05,5.273061546362196644e-05,2.270284465017237191e-04,7.886193454528011367e-05,8.753125504095883743e-05,8.296344835925994153e-05,1.858944867869869464e-04,3.122730761276253726e-05,1.153585180937697789e-04,1.024289892340775359e-04,5.736865570367082729e-05,4.378675539882347355e-05,9.719868771352769958e-05,7.773355613151336800e-05,1.334145237261037383e-04,1.566604377504566593e-04,1.485309428142202320e-05,6.658862547297997542e-05,3.065504335479442196e-05,1.186595793133696312e-04,8.469353454381518733e-05,0.000000000000000000e+00,0.000000000000000000e+00,1.598539452967719123e-05,7.577704764595662764e-05,0.000000000000000000e+00,0.000000000000000000e+00,0.000000000000000000e+00,0.000000000000000000e+00,0.000000000000000000e+00,0.000000000000000000e+00,0.000000000000000000e+00,0.000000000000000000e+00,0.000000000000000000e+00,0.000000000000000000e+00,0.000000000000000000e+00,0.000000000000000000e+00,0.000000000000000000e+00,0.000000000000000000e+00,0.000000000000000000e+00,0.000000000000000000e+00,2.781385074402810235e-03,1.062084702623065880e-03,0.000000000000000000e+00,0.000000000000000000e+00,8.508609876684560490e-05,0.000000000000000000e+00,0.000000000000000000e+00,0.000000000000000000e+00,0.000000000000000000e+00,0.000000000000000000e+00,0.000000000000000000e+00,2.829615326855141645e-04,3.879511556560433791e-04,0.000000000000000000e+00,7.064716632708543562e-06,3.899078256188777781e-06,0.000000000000000000e+00,0.000000000000000000e+00,0.000000000000000000e+00,0.000000000000000000e+00,0.000000000000000000e+00,0.000000000000000000e+00,0.000000000000000000e+00,0.000000000000000000e+00,0.000000000000000000e+00,0.000000000000000000e+00,0.000000000000000000e+00,0.000000000000000000e+00,0.000000000000000000e+00,0.000000000000000000e+00,0.000000000000000000e+00,0.000000000000000000e+00,0.000000000000000000e+00,0.000000000000000000e+00,0.000000000000000000e+00,0.000000000000000000e+00,7.367344819017053459e-05,1.154678014404045101e-05,3.290491597300052100e-05,0.000000000000000000e+00,0.000000000000000000e+00,0.000000000000000000e+00,0.000000000000000000e+00,0.000000000000000000e+00,0.000000000000000000e+00,0.000000000000000000e+00,0.000000000000000000e+00,0.000000000000000000e+00,0.000000000000000000e+00,0.000000000000000000e+00,0.000000000000000000e+00,0.000000000000000000e+00,0.000000000000000000e+00,0.000000000000000000e+00,0.000000000000000000e+00,0.000000000000000000e+00,0.000000000000000000e+00,0.000000000000000000e+00,0.000000000000000000e+00,0.000000000000000000e+00,0.000000000000000000e+00,0.000000000000000000e+00,0.000000000000000000e+00,0.000000000000000000e+00,0.000000000000000000e+00,0.000000000000000000e+00,0.000000000000000000e+00,0.000000000000000000e+00,0.000000000000000000e+00,5.208023228002902196e-05,7.998570005144550719e-06,5.861940677299800500e-05,1.655307070443132569e-05,1.277644005708085298e-04
0.000000000000000000e+00,0.000000000000000000e+00,0.000000000000000000e+00,0.000000000000000000e+00,0.000000000000000000e+00,0.000000000000000000e+00,0.000000000000000000e+00,0.000000000000000000e+00,0.000000000000000000e+00,0.000000000000000000e+00,0.000000000000000000e+00,6.924885496657388157e-05,0.000000000000000000e+00,3.428217857519000311e-05,1.432903789522220787e-04,8.408202983884530146e-05,6.685387725391480653e-05,9.183056094927061533e-05,1.419700876775143621e-04,0.000000000000000000e+00,9.245475654585381573e-05,6.824535996086904916e-06,5.571500743392557021e-05,6.362726170373239414e-05,2.977593093136768037e-05,8.497237834335939408e-05,1.050084568304440193e-04,7.983714444859626069e-05,1.529406008215173035e-04,0.000000000000000000e+00,4.816111016946345187e-05,0.000000000000000000e+00,4.605150630123949621e-05,9.264135369332901558e-05,5.223061756154320372e-05,5.815113496946487090e-05,0.000000000000000000e+00,9.630874266522302555e-07,0.000000000000000000e+00,0.000000000000000000e+00,0.000000000000000000e+00,0.000000000000000000e+00,0.000000000000000000e+00,0.000000000000000000e+00,0.000000000000000000e+00,0.000000000000000000e+00,0.000000000000000000e+00,0.000000000000000000e+00,0.000000000000000000e+00,0.000000000000000000e+00,0.000000000000000000e+00,0.000000000000000000e+00,0.000000000000000000e+00,0.000000000000000000e+00,1.728591371139304427e-03,2.650517956544835223e-04,0.000000000000000000e+00,0.000000000000000000e+00,0.000000000000000000e+00,1.296687149118125760e-04,1.052338144935020630e-04,0.000000000000000000e+00,3.689244707530516052e-05,1.389271622073536516e-05,0.000000000000000000e+00,0.000000000000000000e+00,0.000000000000000000e+00,0.000000000000000000e+00,0.000000000000000000e+00,0.000000000000000000e+00,0.000000000000000000e+00,0.000000000000000000e+00,0.000000000000000000e+00,0.000000000000000000e+00,0.000000000000000000e+00,0.000000000000000000e+00,0.000000000000000000e+00,0.000000000000000000e+00,0.000000000000000000e+00,0.000000000000000000e+00,0.000000000000000000e+00,0.000000000000000000e+00,0.000000000000000000e+00,0.000000000000000000e+00,0.000000000000000000e+00,0.000000000000000000e+00,0.000000000000000000e+00,0.000000000000000000e+00,0.000000000000000000e+00,0.000000000000000000e+00,0.000000000000000000e+00,6.521996580317910382e-05,2.760822313685420929e-05,0.000000000000000000e+00,0.000000000000000000e+00,0.000000000000000000e+00,0.000000000000000000e+00,0.000000000000000000e+00,0.000000000000000000e+00,0.000000000000000000e+00,0.000000000000000000e+00,0.000000000000000000e+00,0.000000000000000000e+00,0.000000000000000000e+00,0.000000000000000000e+00,0.000000000000000000e+00,0.000000000000000000e+00,0.000000000000000000e+00,0.000000000000000000e+00,0.000000000000000000e+00,0.000000000000000000e+00,0.000000000000000000e+00,0.000000000000000000e+00,0.000000000000000000e+00,0.000000000000000000e+00,0.000000000000000000e+00,0.000000000000000000e+00,0.000000000000000000e+00,0.000000000000000000e+00,0.000000000000000000e+00,0.000000000000000000e+00,0.000000000000000000e+00,0.000000000000000000e+00,9.885464914415023318e-06,4.205999938385035887e-05,4.959499650421729142e-05,0.000000000000000000e+00,1.059857919474081333e-04
0.000000000000000000e+00,0.000000000000000000e+00,0.000000000000000000e+00,0.000000000000000000e+00,0.000000000000000000e+00,0.000000000000000000e+00,0.000000000000000000e+00,0.000000000000000000e+00,0.000000000000000000e+00,0.000000000000000000e+00,0.000000000000000000e+00,0.000000000000000000e+00,4.140816128949722770e-05,1.598927753474869724e-04,6.094776073217102755e-05,1.658445786246834114e-04,1.996639746271219710e-04,1.132422445371593454e-04,2.771457416405492631e-05,8.295632680962510767e-05,1.023475672035151413e-04,7.030586994366425048e-05,0.000000000000000000e+00,0.000000000000000000e+00,2.239252106370917683e-05,3.373072482281548021e-05,8.225299771056052871e-05,4.215882136952261359e-05,3.938689930028652011e-05,0.000000000000000000e+00,0.000000000000000000e+00,1.533235355504144969e-05,0.000000000000000000e+00,1.191347698081992396e-05,0.000000000000000000e+00,6.509893646889280744e-05,7.212829268694280883e-05,0.000000000000000000e+00,0.000000000000000000e+00,0.000000000000000000e+00,0.000000000000000000e+00,0.000000000000000000e+00,0.000000000000000000e+00,0.000000000000000000e+00,0.000000000000000000e+00,0.000000000000000000e+00,0.000000000000000000e+00,0.000000000000000000e+00,0.000000000000000000e+00,0.000000000000000000e+00,0.000000000000000000e+00,0.000000000000000000e+00,4.439914050316449539e-05,0.000000000000000000e+00,0.000000000000000000e+00,0.000000000000000000e+00,0.000000000000000000e+00,3.643312771077976512e-05,2.302064914135589586e-04,7.941845082140585894e-05,1.587853083838669912e-04,0.000000000000000000e+00,1.205181005637029411e-04,1.271366300710405216e-05,6.430982691616538092e-05,3.456518668904408229e-06,0.000000000000000000e+00,0.000000000000000000e+00,0.000000000000000000e+00,0.000000000000000000e+00,0.000000000000000000e+00,0.000000000000000000e+00,0.000000000000000000e+00,0.000000000000000000e+00,0.000000000000000000e+00,0.000000000000000000e+00,0.000000000000000000e+00,0.000000000000000000e+00,0.000000000000000000e+00,0.000000000000000000e+00,0.000000000000000000e+00,0.000000000000000000e+00,0.000000000000000000e+00,0.000000000000000000e+00,0.000000000000000000e+00,0.000000000000000000e+00,0.000000000000000000e+00,0.000000000000000000e+00,0.000000000000000000e+00,0.000000000000000000e+00,3.075286108753624208e-05,5.576496565553825573e-05,1.304819858553990824e-05,0.000000000000000000e+00,0.000000000000000000e+00,0.000000000000000000e+00,0.000000000000000000e+00,0.000000000000000000e+00,0.000000000000000000e+00,0.000000000000000000e+00,0.000000000000000000e+00,0.000000000000000000e+00,0.000000000000000000e+00,0.000000000000000000e+00,0.000000000000000000e+00,0.000000000000000000e+00,0.000000000000000000e+00,0.000000000000000000e+00,0.000000000000000000e+00,0.000000000000000000e+00,0.000000000000000000e+00,0.000000000000000000e+00,0.000000000000000000e+00,0.000000000000000000e+00,0.000000000000000000e+00,0.000000000000000000e+00,0.000000000000000000e+00,0.000000000000000000e+00,0.000000000000000000e+00,0.000000000000000000e+00,0.000000000000000000e+00,0.000000000000000000e+00,3.750613418957244113e-05,3.978457963434627536e-05,1.222351351063700184e-05,1.888925349524606657e-05,2.759513351587407955e-05,1.095119733734083666e-04
0.000000000000000000e+00,0.000000000000000000e+00,0.000000000000000000e+00,0.000000000000000000e+00,0.000000000000000000e+00,0.000000000000000000e+00,0.000000000000000000e+00,0.000000000000000000e+00,0.000000000000000000e+00,0.000000000000000000e+00,0.000000000000000000e+00,5.914904640795886178e-05,3.985805353593509486e-05,2.717157070910716785e-05,1.453789455532967286e-04,1.443268138442518509e-04,1.149529258316686744e-04,6.021701612963417779e-05,1.034692754085519295e-04,1.032903744735793515e-04,6.438571738662902466e-05,0.000000000000000000e+00,0.000000000000000000e+00,0.000000000000000000e+00,0.000000000000000000e+00,5.353517696140875108e-05,5.203188755737514021e-05,6.282905951123417471e-05,3.064636074793428941e-05,4.444651849237583885e-05,6.557010824264555696e-05,4.493130012964044875e-06,8.269477332719419682e-05,1.728859046499330038e-05,0.000000000000000000e+00,0.000000000000000000e+00,0.000000000000000000e+00,0.000000000000000000e+00,0.000000000000000000e+00,0.000000000000000000e+00,0.000000000000000000e+00,0.000000000000000000e+00,0.000000000000000000e+00,0.000000000000000000e+00,0.000000000000000000e+00,0.000000000000000000e+00,0.000000000000000000e+00,0.000000000000000000e+00,0.000000000000000000e+00,0.000000000000000000e+00,0.000000000000000000e+00,0.000000000000000000e+00,0.000000000000000000e+00,0.000000000000000000e+00,0.000000000000000000e+00,0.000000000000000000e+00,0.000000000000000000e+00,5.380263425986814139e-05,8.656078533186998072e-05,7.437659801116506305e-05,1.275630971064586180e-05,1.590351426073246014e-04,8.326817976568698550e-05,1.370844390838976766e-04,6.047371867482768568e-05,9.101829606944358082e-05,0.000000000000000000e+00,0.000000000000000000e+00,0.000000000000000000e+00,0.000000000000000000e+00,0.000000000000000000e+00,0.000000000000000000e+00,0.000000000000000000e+00,0.000000000000000000e+00,0.000000000000000000e+00,0.000000000000000000e+00,0.000000000000000000e+00,0.000000000000000000e+00,0.000000000000000000e+00,0.000000000000000000e+00,0.000000000000000000e+00,0.000000000000000000e+00,0.000000000000000000e+00,0.000000000000000000e+00,0.000000000000000000e+00,0.000000000000000000e+00,0.000000000000000000e+00,0.000000000000000000e+00,0.000000000000000000e+00,0.000000000000000000e+00,2.100165426993328975e-05,6.898472394508001952e-05,3.569733247721841883e-05,5.400648360187876160e-05,0.000000000000000000e+00,0.000000000000000000e+00,0.000000000000000000e+00,0.000000000000000000e+00,0.000000000000000000e+00,0.000000000000000000e+00,0.000000000000000000e+00,0.000000000000000000e+00,0.000000000000000000e+00,0.000000000000000000e+00,0.000000000000000000e+00,0.000000000000000000e+00,0.000000000000000000e+00,0.000000000000000000e+00,0.000000000000000000e+00,0.000000000000000000e+00,0.000000000000000000e+00,0.000000000000000000e+00,0.000000000000000000e+00,0.000000000000000000e+00,0.000000000000000000e+00,0.000000000000000000e+00,0.000000000000000000e+00,0.000000000000000000e+00,0.000000000000000000e+00,0.000000000000000000e+00,0.000000000000000000e+00,0.000000000000000000e+00,4.371527215194043273e-05,3.039478071078776652e-05,4.580747672585014488e-05,8.234464642786068554e-05,5.103741575764594792e-05,1.725299350249184273e-04
0.000000000000000000e+00,0.000000000000000000e+00,0.000000000000000000e+00,0.000000000000000000e+00,0.000000000000000000e+00,0.000000000000000000e+00,0.000000000000000000e+00,0.000000000000000000e+00,0.000000000000000000e+00,0.000000000000000000e+00,2.749721771610687292e-05,0.000000000000000000e+00,0.000000000000000000e+00,8.064073222079009098e-05,1.433274984596282333e-04,1.004071505074175127e-04,6.025524944209048931e-05,1.224542532482815070e-04,8.259581600133941996e-05,2.628718147608186383e-05,1.562674036156773926e-04,4.133056586038906229e-05,1.181953786290207442e-04,0.000000000000000000e+00,9.572742110013590818e-05,6.843391758930598371e-05,1.493674521808296940e-04,5.041208253953802769e-05,9.948448629844548025e-05,8.951134526666919516e-05,1.337508187222289540e-05,1.844265988323461362e-05,7.842499983272281625e-06,0.000000000000000000e+00,0.000000000000000000e+00,0.000000000000000000e+00,0.000000000000000000e+00,0.000000000000000000e+00,0.000000000000000000e+00,0.000000000000000000e+00,0.000000000000000000e+00,0.000000000000000000e+00,0.000000000000000000e+00,0.000000000000000000e+00,0.000000000000000000e+00,0.000000000000000000e+00,0.000000000000000000e+00,0.000000000000000000e+00,0.000000000000000000e+00,4.498760473044446906e-04,4.348958543868846352e-05,0.000000000000000000e+00,0.000000000000000000e+00,0.000000000000000000e+00,0.000000000000000000e+00,0.000000000000000000e+00,0.000000000000000000e+00,0.000000000000000000e+00,0.000000000000000000e+00,1.421580712131339445e-04,7.730112306024345705e-05,7.990099482010004032e-05,1.672145359825409313e-04,1.158680699661866352e-04,1.581625763157720025e-05,9.741297931335223567e-05,1.191524418571256430e-05,0.000000000000000000e+00,0.000000000000000000e+00,0.000000000000000000e+00,0.000000000000000000e+00,0.000000000000000000e+00,0.000000000000000000e+00,0.000000000000000000e+00,0.000000000000000000e+00,0.000000000000000000e+00,0.000000000000000000e+00,0.000000000000000000e+00,0.000000000000000000e+00,0.000000000000000000e+00,0.000000000000000000e+00,0.000000000000000000e+00,0.000000000000000000e+00,0.000000000000000000e+00,0.000000000000000000e+00,0.000000000000000000e+00,0.000000000000000000e+00,0.000000000000000000e+00,0.000000000000000000e+00,0.000000000000000000e+00,0.000000000000000000e+00,2.242094086012444133e-05,3.677557918466078880e-05,5.665551085852950922e-05,0.000000000000000000e+00,0.000000000000000000e+00,0.000000000000000000e+00,0.000000000000000000e+00,0.000000000000000000e+00,0.000000000000000000e+00,0.000000000000000000e+00,0.000000000000000000e+00,0.000000000000000000e+00,0.000000000000000000e+00,0.000000000000000000e+00,0.000000000000000000e+00,0.000000000000000000e+00,0.000000000000000000e+00,0.000000000000000000e+00,0.000000000000000000e+00,0.000000000000000000e+00,0.000000000000000000e+00,0.000000000000000000e+00,0.000000000000000000e+00,0.000000000000000000e+00,0.000000000000000000e+00,0.000000000000000000e+00,0.000000000000000000e+00,0.000000000000000000e+00,0.000000000000000000e+00,0.000000000000000000e+00,0.000000000000000000e+00,3.189738648712230431e-05,2.786934706839663269e-05,2.538910785152681250e-05,5.491739484504772631e-05,1.486715976288534009e-05,2.001240807761443558e-04
0.000000000000000000e+00,0.000000000000000000e+00,0.000000000000000000e+00,0.000000000000000000e+00,0.000000000000000000e+00,0.000000000000000000e+00,0.000000000000000000e+00,0.000000000000000000e+00,0.000000000000000000e+00,0.000000000000000000e+00,0.000000000000000000e+00,0.000000000000000000e+00,0.000000000000000000e+00,0.000000000000000000e+00,3.217526731693170881e-05,7.723570633217844393e-05,1.222200022829314720e-04,3.124052514489798440e-05,1.223600148172564043e-04,8.758412991500500334e-05,9.841419393233123648e-05,9.166266111745258942e-05,3.088542487839897685e-05,0.000000000000000000e+00,0.000000000000000000e+00,0.000000000000000000e+00,3.224021945895939032e-05,4.598029811426200569e-05,5.002953120711616842e-05,8.899740660283468260e-05,7.021413839477276271e-05,6.659111594824010415e-05,1.692522359052820761e-05,1.160851871435220035e-05,0.000000000000000000e+00,0.000000000000000000e+00,0.000000000000000000e+00,0.000000000000000000e+00,0.000000000000000000e+00,0.000000000000000000e+00,0.000000000000000000e+00,0.000000000000000000e+00,0.000000000000000000e+00,0.000000000000000000e+00,0.000000000000000000e+00,0.000000000000000000e+00,0.000000000000000000e+00,0.000000000000000000e+00,0.000000000000000000e+00,3.521802172864043701e-04,1.698635086525240141e-04,5.847740666969196297e-05,0.000000000000000000e+00,0.000000000000000000e+00,0.000000000000000000e+00,0.000000000000000000e+00,0.000000000000000000e+00,0.000000000000000000e+00,0.000000000000000000e+00,2.398604678443469801e-05,3.877692755433180684e-05,2.495731769398153968e-04,8.372424556810979216e-05,1.071951407125822716e-04,8.186715126101819044e-05,4.824079433519207671e-05,5.757754010415617884e-06,0.000000000000000000e+00,0.000000000000000000e+00,0.000000000000000000e+00,0.000000000000000000e+00,0.000000000000000000e+00,0.000000000000000000e+00,0.000000000000000000e+00,0.000000000000000000e+00,0.000000000000000000e+00,0.000000000000000000e+00,0.000000000000000000e+00,0.000000000000000000e+00,0.000000000000000000e+00,0.000000000000000000e+00,0.000000000000000000e+00,0.000000000000000000e+00,0.000000000000000000e+00,0.000000000000000000e+00,0.000000000000000000e+00,0.000000000000000000e+00,0.000000000000000000e+00,0.000000000000000000e+00,0.000000000000000000e+00,0.000000000000000000e+00,1.532722008524258631e-05,2.973104837748810197e-05,1.238712105609420583e-05,0.000000000000000000e+00,0.000000000000000000e+00,0.000000000000000000e+00,0.000000000000000000e+00,0.000000000000000000e+00,0.000000000000000000e+00,0.000000000000000000e+00,0.000000000000000000e+00,0.000000000000000000e+00,0.000000000000000000e+00,0.000000000000000000e+00,0.000000000000000000e+00,0.000000000000000000e+00,0.000000000000000000e+00,0.000000000000000000e+00,0.000000000000000000e+00,0.000000000000000000e+00,0.000000000000000000e+00,0.000000000000000000e+00,0.000000000000000000e+00,0.000000000000000000e+00,0.000000000000000000e+00,0.000000000000000000e+00,0.000000000000000000e+00,0.000000000000000000e+00,0.000000000000000000e+00,0.000000000000000000e+00,6.684311365889671884e-06,3.762598318750431784e-05,4.172393879167785952e-05,2.640315191015294889e-05,9.874800156432931100e-05,5.747915083051122410e-05,1.914166762359359258e-04
0.000000000000000000e+00,0.000000000000000000e+00,0.000000000000000000e+00,0.000000000000000000e+00,0.000000000000000000e+00,0.000000000000000000e+00,0.000000000000000000e+00,0.000000000000000000e+00,0.000000000000000000e+00,0.000000000000000000e+00,0.000000000000000000e+00,0.000000000000000000e+00,0.000000000000000000e+00,0.000000000000000000e+00,0.000000000000000000e+00,7.312592690326874035e-05,5.607429468023264231e-06,3.260778104509287411e-05,3.223166397075529974e-05,1.137471591224181164e-04,1.085055398441678412e-04,0.000000000000000000e+00,0.000000000000000000e+00,0.000000000000000000e+00,0.000000000000000000e+00,1.662054754055744299e-05,8.389609140748878068e-05,8.945537386698588936e-05,7.956616735973569266e-05,4.286992291109286438e-05,7.560842473480819512e-05,1.270173009980865835e-04,0.000000000000000000e+00,0.000000000000000000e+00,0.000000000000000000e+00,0.000000000000000000e+00,0.000000000000000000e+00,0.000000000000000000e+00,0.000000000000000000e+00,0.000000000000000000e+00,0.000000000000000000e+00,0.000000000000000000e+00,0.000000000000000000e+00,0.000000000000000000e+00,0.000000000000000000e+00,0.000000000000000000e+00,0.000000000000000000e+00,0.000000000000000000e+00,0.000000000000000000e+00,0.000000000000000000e+00,0.000000000000000000e+00,0.000000000000000000e+00,0.000000000000000000e+00,0.000000000000000000e+00,0.000000000000000000e+00,0.000000000000000000e+00,0.000000000000000000e+00,0.000000000000000000e+00,0.000000000000000000e+00,1.429758252893283851e-05,1.297909241041664686e-04,6.346075461228859588e-05,1.334174188433712139e-04,6.503282913180772305e-05,5.141285875922242611e-05,0.000000000000000000e+00,7.938547439160442232e-05,0.000000000000000000e+00,0.000000000000000000e+00,0.000000000000000000e+00,0.000000000000000000e+00,0.000000000000000000e+00,0.000000000000000000e+00,0.000000000000000000e+00,0.000000000000000000e+00,0.000000000000000000e+00,0.000000000000000000e+00,0.000000000000000000e+00,0.000000000000000000e+00,0.000000000000000000e+00,0.000000000000000000e+00,0.000000000000000000e+00,0.000000000000000000e+00,0.000000000000000000e+00,0.000000000000000000e+00,0.000000000000000000e+00,0.000000000000000000e+00,0.000000000000000000e+00,0.000000000000000000e+00,0.000000000000000000e+00,0.000000000000000000e+00,3.417433779507923644e-05,9.444966721538731669e-06,5.270112988249025664e-05,0.000000000000000000e+00,0.000000000000000000e+00,0.000000000000000000e+00,0.000000000000000000e+00,0.000000000000000000e+00,0.000000000000000000e+00,0.000000000000000000e+00,0.000000000000000000e+00,0.000000000000000000e+00,0.000000000000000000e+00,0.000000000000000000e+00,0.000000000000000000e+00,0.000000000000000000e+00,0.000000000000000000e+00,0.000000000000000000e+00,0.000000000000000000e+00,0.000000000000000000e+00,0.000000000000000000e+00,0.000000000000000000e+00,0.000000000000000000e+00,0.000000000000000000e+00,0.000000000000000000e+00,0.000000000000000000e+00,0.000000000000000000e+00,0.000000000000000000e+00,0.000000000000000000e+00,0.000000000000000000e+00,1.681558086879393250e-05,4.382826045123455522e-05,3.499513070399349918e-05,0.000000000000000000e+00,6.060614370665799190e-05,6.822161078065291984e-06,1.620423350190614746e-04
0.000000000000000000e+00,0.000000000000000000e+00,0.000000000000000000e+00,0.000000000000000000e+00,0.000000000000000000e+00,0.000000000000000000e+00,0.000000000000000000e+00,0.000000000000000000e+00,0.000000000000000000e+00,0.000000000000000000e+00,0.000000000000000000e+00,0.000000000000000000e+00,0.000000000000000000e+00,0.000000000000000000e+00,0.000000000000000000e+00,8.956571830732943987e-06,3.887175071589309320e-06,0.000000000000000000e+00,1.214527585587663397e-04,8.393076269687561744e-05,1.020501569814639611e-04,9.207955535100698595e-05,2.338010083616741188e-05,0.000000000000000000e+00,2.395884959220749550e-05,3.609230192209922567e-05,2.651764348615889280e-05,2.941254487631863577e-06,0.000000000000000000e+00,5.705468793573688585e-05,2.528314449857506387e-05,2.835051536358984474e-05,1.409447519076406944e-04,0.000000000000000000e+00,0.000000000000000000e+00,0.000000000000000000e+00,0.000000000000000000e+00,0.000000000000000000e+00,0.000000000000000000e+00,0.000000000000000000e+00,0.000000000000000000e+00,0.000000000000000000e+00,0.000000000000000000e+00,0.000000000000000000e+00,0.000000000000000000e+00,0.000000000000000000e+00,0.000000000000000000e+00,0.000000000000000000e+00,0.000000000000000000e+00,0.000000000000000000e+00,0.000000000000000000e+00,0.000000000000000000e+00,0.000000000000000000e+00,0.000000000000000000e+00,0.000000000000000000e+00,0.000000000000000000e+00,0.000000000000000000e+00,0.000000000000000000e+00,0.000000000000000000e+00,0.000000000000000000e+00,7.649503328412306236e-05,1.085760618395371381e-04,6.970376461218482592e-05,1.221262465906394171e-04,0.000000000000000000e+00,1.557222033010854229e-04,1.827432719320338316e-05,0.000000000000000000e+00,0.000000000000000000e+00,0.000000000000000000e+00,0.000000000000000000e+00,0.000000000000000000e+00,0.000000000000000000e+00,0.000000000000000000e+00,0.000000000000000000e+00,0.000000000000000000e+00,0.000000000000000000e+00,0.000000000000000000e+00,0.000000000000000000e+00,0.000000000000000000e+00,0.000000000000000000e+00,0.000000000000000000e+00,0.000000000000000000e+00,0.000000000000000000e+00,0.000000000000000000e+00,0.000000000000000000e+00,0.000000000000000000e+00,0.000000000000000000e+00,0.000000000000000000e+00,0.000000000000000000e+00,1.178892476607125512e-05,6.664056812557128532e-05,4.044243186376374096e-05,7.898638689376776131e-05,6.817665823101970413e-05,0.000000000000000000e+00,0.000000000000000000e+00,0.000000000000000000e+00,0.000000000000000000e+00,0.000000000000000000e+00,0.000000000000000000e+00,0.000000000000000000e+00,0.000000000000000000e+00,0.000000000000000000e+00,0.000000000000000000e+00,0.000000000000000000e+00,0.000000000000000000e+00,0.000000000000000000e+00,0.000000000000000000e+00,0.000000000000000000e+00,0.000000000000000000e+00,0.000000000000000000e+00,0.000000000000000000e+00,0.000000000000000000e+00,0.000000000000000000e+00,0.000000000000000000e+00,0.000000000000000000e+00,0.000000000000000000e+00,0.000000000000000000e+00,0.000000000000000000e+00,0.000000000000000000e+00,2.954070122873835326e-05,2.153730439332530107e-05,6.241421319750282656e-05,1.568209544419516333e-05,1.331780075200627970e-04,8.799606274477956224e-05,2.019110836872733505e-04
0.000000000000000000e+00,0.000000000000000000e+00,0.000000000000000000e+00,0.000000000000000000e+00,0.000000000000000000e+00,0.000000000000000000e+00,0.000000000000000000e+00,0.000000000000000000e+00,0.000000000000000000e+00,0.000000000000000000e+00,0.000000000000000000e+00,0.000000000000000000e+00,0.000000000000000000e+00,0.000000000000000000e+00,2.055577843346645490e-05,0.000000000000000000e+00,0.000000000000000000e+00,0.000000000000000000e+00,7.145554791445430744e-06,3.893642457372879616e-05,8.791076094099117052e-05,4.470702546114904203e-06,5.872434615301052051e-05,7.698472714977862925e-05,2.691114338505189589e-05,6.677354386329208136e-05,2.053297361526149460e-05,4.001746850729201666e-05,8.209717297120902157e-05,3.449837688288468325e-05,1.405974800825228444e-05,2.377394103157555021e-05,5.580944214545240578e-05,4.980940276878366749e-05,0.000000000000000000e+00,0.000000000000000000e+00,0.000000000000000000e+00,0.000000000000000000e+00,0.000000000000000000e+00,0.000000000000000000e+00,0.000000000000000000e+00,0.000000000000000000e+00,0.000000000000000000e+00,0.000000000000000000e+00,0.000000000000000000e+00,0.000000000000000000e+00,0.000000000000000000e+00,0.000000000000000000e+00,0.000000000000000000e+00,0.000000000000000000e+00,0.000000000000000000e+00,0.000000000000000000e+00,0.000000000000000000e+00,0.000000000000000000e+00,0.000000000000000000e+00,0.000000000000000000e+00,0.000000000000000000e+00,0.000000000000000000e+00,0.000000000000000000e+00,0.000000000000000000e+00,0.000000000000000000e+00,6.593112012595082894e-05,9.743704506061049841e-05,5.427509546820571962e-05,8.861247734464101238e-05,0.000000000000000000e+00,0.000000000000000000e+00,0.000000000000000000e+00,0.000000000000000000e+00,0.000000000000000000e+00,0.000000000000000000e+00,0.000000000000000000e+00,0.000000000000000000e+00,0.000000000000000000e+00,0.000000000000000000e+00,0.000000000000000000e+00,0.000000000000000000e+00,0.000000000000000000e+00,0.000000000000000000e+00,0.000000000000000000e+00,0.000000000000000000e+00,0.000000000000000000e+00,0.000000000000000000e+00,0.000000000000000000e+00,0.000000000000000000e+00,0.000000000000000000e+00,0.000000000000000000e+00,0.000000000000000000e+00,0.000000000000000000e+00,0.000000000000000000e+00,1.217274172202016773e-05,3.360411082345517500e-05,0.000000000000000000e+00,4.821628199210134855e-05,2.104842185698050969e-05,0.000000000000000000e+00,0.000000000000000000e+00,0.000000000000000000e+00,0.000000000000000000e+00,0.000000000000000000e+00,0.000000000000000000e+00,0.000000000000000000e+00,0.000000000000000000e+00,0.000000000000000000e+00,0.000000000000000000e+00,0.000000000000000000e+00,0.000000000000000000e+00,0.000000000000000000e+00,0.000000000000000000e+00,0.000000000000000000e+00,0.000000000000000000e+00,0.000000000000000000e+00,0.000000000000000000e+00,0.000000000000000000e+00,0.000000000000000000e+00,0.000000000000000000e+00,0.000000000000000000e+00,0.000000000000000000e+00,0.000000000000000000e+00,0.000000000000000000e+00,0.000000000000000000e+00,0.000000000000000000e+00,0.000000000000000000e+00,0.000000000000000000e+00,0.000000000000000000e+00,1.703538450853213289e-05,1.105058358165466601e-05,1.052071566239741771e-04
0.000000000000000000e+00,0.000000000000000000e+00,0.000000000000000000e+00,0.000000000000000000e+00,0.000000000000000000e+00,0.000000000000000000e+00,0.000000000000000000e+00,0.000000000000000000e+00,0.000000000000000000e+00,0.000000000000000000e+00,0.000000000000000000e+00,0.000000000000000000e+00,1.926366268878104237e-05,0.000000000000000000e+00,3.405680971901001190e-06,0.000000000000000000e+00,0.000000000000000000e+00,0.000000000000000000e+00,3.323108198812555874e-05,7.301945918699873086e-06,1.392828443930601786e-05,1.022187484725622383e-04,8.303984053195151069e-05,1.632141558332503832e-05,4.349762470624067649e-05,0.000000000000000000e+00,4.106159752131920588e-06,0.000000000000000000e+00,2.689877946529822020e-05,2.857264888823631555e-05,2.852477243738968249e-05,3.314405618177568248e-05,4.426981580723127760e-05,3.481856531730423741e-05,0.000000000000000000e+00,0.000000000000000000e+00,0.000000000000000000e+00,0.000000000000000000e+00,0.000000000000000000e+00,0.000000000000000000e+00,0.000000000000000000e+00,0.000000000000000000e+00,0.000000000000000000e+00,0.000000000000000000e+00,0.000000000000000000e+00,0.000000000000000000e+00,0.000000000000000000e+00,0.000000000000000000e+00,0.000000000000000000e+00,0.000000000000000000e+00,0.000000000000000000e+00,0.000000000000000000e+00,0.000000000000000000e+00,0.000000000000000000e+00,0.000000000000000000e+00,0.000000000000000000e+00,0.000000000000000000e+00,0.000000000000000000e+00,0.000000000000000000e+00,0.000000000000000000e+00,0.000000000000000000e+00,0.000000000000000000e+00,5.096333875229392253e-05,0.000000000000000000e+00,4.684341419234175927e-05,8.144808475621107945e-05,0.000000000000000000e+00,0.000000000000000000e+00,0.000000000000000000e+00,0.000000000000000000e+00,0.000000000000000000e+00,0.000000000000000000e+00,0.000000000000000000e+00,0.000000000000000000e+00,0.000000000000000000e+00,0.000000000000000000e+00,0.000000000000000000e+00,0.000000000000000000e+00,0.000000000000000000e+00,0.000000000000000000e+00,0.000000000000000000e+00,0.000000000000000000e+00,0.000000000000000000e+00,0.000000000000000000e+00,0.000000000000000000e+00,0.000000000000000000e+00,0.000000000000000000e+00,0.000000000000000000e+00,0.000000000000000000e+00,0.000000000000000000e+00,0.000000000000000000e+00,3.175197558606669918e-05,1.716566301440561413e-05,9.280663411663983152e-05,3.879037319538355169e-05,0.000000000000000000e+00,0.000000000000000000e+00,0.000000000000000000e+00,0.000000000000000000e+00,0.000000000000000000e+00,0.000000000000000000e+00,0.000000000000000000e+00,0.000000000000000000e+00,0.000000000000000000e+00,0.000000000000000000e+00,0.000000000000000000e+00,0.000000000000000000e+00,0.000000000000000000e+00,0.000000000000000000e+00,0.000000000000000000e+00,0.000000000000000000e+00,0.000000000000000000e+00,0.000000000000000000e+00,0.000000000000000000e+00,0.000000000000000000e+00,0.000000000000000000e+00,0.000000000000000000e+00,0.000000000000000000e+00,0.000000000000000000e+00,0.000000000000000000e+00,0.000000000000000000e+00,0.000000000000000000e+00,0.000000000000000000e+00,0.000000000000000000e+00,0.000000000000000000e+00,5.778007174043646644e-05,4.665623273964660808e-05,1.602896274798835464e-04
0.000000000000000000e+00,0.000000000000000000e+00,0.000000000000000000e+00,0.000000000000000000e+00,0.000000000000000000e+00,0.000000000000000000e+00,0.000000000000000000e+00,0.000000000000000000e+00,0.000000000000000000e+00,0.000000000000000000e+00,0.000000000000000000e+00,0.000000000000000000e+00,0.000000000000000000e+00,0.000000000000000000e+00,0.000000000000000000e+00,0.000000000000000000e+00,1.102971341526585876e-05,5.053614329183114443e-05,0.000000000000000000e+00,7.584391757760231792e-06,7.671804097027135787e-05,2.521389328781437560e-05,0.000000000000000000e+00,0.000000000000000000e+00,0.000000000000000000e+00,0.000000000000000000e+00,0.000000000000000000e+00,5.898029648191090889e-05,4.547634352145995846e-05,6.338231615879472527e-05,3.647212680733181214e-05,4.440330549361783775e-05,0.000000000000000000e+00,2.748527790618164387e-05,0.000000000000000000e+00,0.000000000000000000e+00,0.000000000000000000e+00,0.000000000000000000e+00,0.000000000000000000e+00,0.000000000000000000e+00,0.000000000000000000e+00,0.000000000000000000e+00,0.000000000000000000e+00,0.000000000000000000e+00,0.000000000000000000e+00,0.000000000000000000e+00,0.000000000000000000e+00,0.000000000000000000e+00,0.000000000000000000e+00,0.000000000000000000e+00,0.000000000000000000e+00,0.000000000000000000e+00,0.000000000000000000e+00,0.000000000000000000e+00,0.000000000000000000e+00,0.000000000000000000e+00,0.000000000000000000e+00,0.000000000000000000e+00,0.000000000000000000e+00,0.000000000000000000e+00,0.000000000000000000e+00,0.000000000000000000e+00,7.832823197727742045e-05,5.299601748460636543e-05,7.476890166286264577e-05,2.959332306850931529e-05,0.000000000000000000e+00,0.000000000000000000e+00,0.000000000000000000e+00,0.000000000000000000e+00,0.000000000000000000e+00,0.000000000000000000e+00,0.000000000000000000e+00,0.000000000000000000e+00,0.000000000000000000e+00,0.000000000000000000e+00,0.000000000000000000e+00,0.000000000000000000e+00,0.000000000000000000e+00,0.000000000000000000e+00,0.000000000000000000e+00,0.000000000000000000e+00,0.000000000000000000e+00,0.000000000000000000e+00,0.000000000000000000e+00,0.000000000000000000e+00,0.000000000000000000e+00,0.000000000000000000e+00,0.000000000000000000e+00,0.000000000000000000e+00,0.000000000000000000e+00,0.000000000000000000e+00,1.816619151058341145e-05,4.772411962676851216e-05,4.698252686041971750e-05,3.207238768109210410e-05,0.000000000000000000e+00,0.000000000000000000e+00,0.000000000000000000e+00,0.000000000000000000e+00,0.000000000000000000e+00,0.000000000000000000e+00,0.000000000000000000e+00,0.000000000000000000e+00,0.000000000000000000e+00,0.000000000000000000e+00,0.000000000000000000e+00,0.000000000000000000e+00,0.000000000000000000e+00,0.000000000000000000e+00,0.000000000000000000e+00,0.000000000000000000e+00,0.000000000000000000e+00,0.000000000000000000e+00,0.000000000000000000e+00,0.000000000000000000e+00,0.000000000000000000e+00,0.000000000000000000e+00,0.000000000000000000e+00,0.000000000000000000e+00,2.648210546097044819e-06,2.076182525277792153e-05,9.264131876790857685e-06,9.724306485498335664e-06,0.000000000000000000e+00,3.620584486817250290e-05,1.057941163270275839e-05,1.248110725862335002e-04
0.000000000000000000e+00,0.000000000000000000e+00,0.000000000000000000e+00,0.000000000000000000e+00,0.000000000000000000e+00,0.000000000000000000e+00,0.000000000000000000e+00,0.000000000000000000e+00,0.000000000000000000e+00,0.000000000000000000e+00,0.000000000000000000e+00,0.000000000000000000e+00,0.000000000000000000e+00,0.000000000000000000e+00,3.365677148829491073e-05,0.000000000000000000e+00,0.000000000000000000e+00,0.000000000000000000e+00,0.000000000000000000e+00,0.000000000000000000e+00,0.000000000000000000e+00,1.263028886804199915e-05,1.393124231832500665e-05,2.698516677716333471e-05,0.000000000000000000e+00,0.000000000000000000e+00,5.337446955891120439e-05,5.797758518635415779e-05,4.349154596648082706e-05,3.852148628070967530e-06,6.387599928162171785e-05,4.602140374960898736e-05,1.331156264947839329e-05,3.384380855094496198e-05,0.000000000000000000e+00,0.000000000000000000e+00,0.000000000000000000e+00,0.000000000000000000e+00,0.000000000000000000e+00,0.000000000000000000e+00,0.000000000000000000e+00,0.000000000000000000e+00,0.000000000000000000e+00,0.000000000000000000e+00,0.000000000000000000e+00,0.000000000000000000e+00,0.000000000000000000e+00,0.000000000000000000e+00,0.000000000000000000e+00,0.000000000000000000e+00,0.000000000000000000e+00,0.000000000000000000e+00,0.000000000000000000e+00,0.000000000000000000e+00,0.000000000000000000e+00,0.000000000000000000e+00,0.000000000000000000e+00,0.000000000000000000e+00,0.000000000000000000e+00,0.000000000000000000e+00,0.000000000000000000e+00,8.160415147742579040e-05,6.575156243123968464e-05,5.140999447781181511e-05,3.037523756075918041e-05,3.241618307698960615e-05,0.000000000000000000e+00,0.000000000000000000e+00,0.000000000000000000e+00,0.000000000000000000e+00,0.000000000000000000e+00,0.000000000000000000e+00,0.000000000000000000e+00,0.000000000000000000e+00,0.000000000000000000e+00,0.000000000000000000e+00,0.000000000000000000e+00,0.000000000000000000e+00,0.000000000000000000e+00,0.000000000000000000e+00,0.000000000000000000e+00,0.000000000000000000e+00,0.000000000000000000e+00,0.000000000000000000e+00,0.000000000000000000e+00,0.000000000000000000e+00,0.000000000000000000e+00,0.000000000000000000e+00,0.000000000000000000e+00,0.000000000000000000e+00,0.000000000000000000e+00,0.000000000000000000e+00,0.000000000000000000e+00,4.007922351059477791e-05,9.457042151350985757e-05,1.657627449706019877e-05,2.952782779963526640e-05,0.000000000000000000e+00,3.609007497181700076e-06,0.000000000000000000e+00,2.091500593185824776e-05,0.000000000000000000e+00,0.000000000000000000e+00,0.000000000000000000e+00,0.000000000000000000e+00,1.672024257726883152e-05,2.940751954764775738e-05,0.000000000000000000e+00,0.000000000000000000e+00,0.000000000000000000e+00,0.000000000000000000e+00,0.000000000000000000e+00,0.000000000000000000e+00,0.000000000000000000e+00,0.000000000000000000e+00,0.000000000000000000e+00,0.000000000000000000e+00,0.000000000000000000e+00,7.698898892302107066e-05,7.364643014580643098e-05,4.169285269467994039e-05,1.751396905336178537e-05,1.782296815433516052e-05,0.000000000000000000e+00,0.000000000000000000e+00,6.197985455459487656e-05,3.300280450094931133e-05,1.441056370814162437e-04
0.000000000000000000e+00,0.000000000000000000e+00,0.000000000000000000e+00,0.000000000000000000e+00,0.000000000000000000e+00,0.000000000000000000e+00,0.000000000000000000e+00,0.000000000000000000e+00,0.000000000000000000e+00,0.000000000000000000e+00,0.000000000000000000e+00,0.000000000000000000e+00,0.000000000000000000e+00,6.653558001760731015e-06,6.743080664977485874e-05,0.000000000000000000e+00,0.000000000000000000e+00,0.000000000000000000e+00,0.000000000000000000e+00,0.000000000000000000e+00,0.000000000000000000e+00,0.000000000000000000e+00,3.781422675221928671e-06,1.582974987168576930e-05,0.000000000000000000e+00,0.000000000000000000e+00,4.376706455475521940e-06,1.446017786999281169e-05,0.000000000000000000e+00,8.555359381958676341e-05,0.000000000000000000e+00,0.000000000000000000e+00,6.510505604431172304e-05,5.058786049142526106e-05,0.000000000000000000e+00,0.000000000000000000e+00,0.000000000000000000e+00,0.000000000000000000e+00,0.000000000000000000e+00,0.000000000000000000e+00,0.000000000000000000e+00,0.000000000000000000e+00,0.000000000000000000e+00,0.000000000000000000e+00,0.000000000000000000e+00,0.000000000000000000e+00,0.000000000000000000e+00,0.000000000000000000e+00,0.000000000000000000e+00,0.000000000000000000e+00,0.000000000000000000e+00,0.000000000000000000e+00,0.000000000000000000e+00,0.000000000000000000e+00,0.000000000000000000e+00,0.000000000000000000e+00,0.000000000000000000e+00,0.000000000000000000e+00,0.000000000000000000e+00,0.000000000000000000e+00,0.000000000000000000e+00,4.728034670014972396e-05,8.685684381997383859e-05,1.031120013862336552e-04,7.870837282922687496e-05,8.515218542123972358e-05,3.170467677037566175e-05,0.000000000000000000e+00,0.000000000000000000e+00,0.000000000000000000e+00,0.000000000000000000e+00,0.000000000000000000e+00,0.000000000000000000e+00,0.000000000000000000e+00,0.000000000000000000e+00,0.000000000000000000e+00,0.000000000000000000e+00,0.000000000000000000e+00,0.000000000000000000e+00,0.000000000000000000e+00,0.000000000000000000e+00,0.000000000000000000e+00,0.000000000000000000e+00,0.000000000000000000e+00,0.000000000000000000e+00,0.000000000000000000e+00,0.000000000000000000e+00,0.000000000000000000e+00,0.000000000000000000e+00,0.000000000000000000e+00,0.000000000000000000e+00,4.128229982427154741e-06,6.338812287283772872e-05,0.000000000000000000e+00,3.558477186144186458e-05,3.625086372855782307e-06,5.030366159771627090e-05,1.634718965090351341e-05,2.987820512329370415e-05,1.540891735081913975e-05,0.000000000000000000e+00,0.000000000000000000e+00,0.000000000000000000e+00,0.000000000000000000e+00,1.635333717631748992e-05,1.427779958317454023e-05,0.000000000000000000e+00,0.000000000000000000e+00,0.000000000000000000e+00,0.000000000000000000e+00,0.000000000000000000e+00,0.000000000000000000e+00,0.000000000000000000e+00,0.000000000000000000e+00,0.000000000000000000e+00,0.000000000000000000e+00,0.000000000000000000e+00,0.000000000000000000e+00,2.922191327833755851e-06,5.004473839581790272e-05,0.000000000000000000e+00,5.030094193676912570e-05,5.219702482562205921e-06,2.578747518323606754e-05,0.000000000000000000e+00,8.683742026692109939e-05,2.063621714343881635e-05,1.297217104642167955e-04
0.000000000000000000e+00,0.000000000000000000e+00,0.000000000000000000e+00,0.000000000000000000e+00,0.000000000000000000e+00,0.000000000000000000e+00,0.000000000000000000e+00,0.000000000000000000e+00,0.000000000000000000e+00,0.000000000000000000e+00,0.000000000000000000e+00,0.000000000000000000e+00,0.000000000000000000e+00,0.000000000000000000e+00,0.000000000000000000e+00,0.000000000000000000e+00,0.000000000000000000e+00,0.000000000000000000e+00,0.000000000000000000e+00,0.000000000000000000e+00,0.000000000000000000e+00,0.000000000000000000e+00,0.000000000000000000e+00,0.000000000000000000e+00,0.000000000000000000e+00,0.000000000000000000e+00,0.000000000000000000e+00,5.799626833450329720e-05,3.999714023629288466e-05,6.117150394240183377e-05,5.310298277254852267e-05,7.950879164195375718e-05,5.458940664171179415e-05,0.000000000000000000e+00,0.000000000000000000e+00,0.000000000000000000e+00,0.000000000000000000e+00,0.000000000000000000e+00,0.000000000000000000e+00,0.000000000000000000e+00,0.000000000000000000e+00,0.000000000000000000e+00,0.000000000000000000e+00,0.000000000000000000e+00,0.000000000000000000e+00,0.000000000000000000e+00,0.000000000000000000e+00,0.000000000000000000e+00,0.000000000000000000e+00,0.000000000000000000e+00,0.000000000000000000e+00,0.000000000000000000e+00,0.000000000000000000e+00,0.000000000000000000e+00,0.000000000000000000e+00,0.000000000000000000e+00,0.000000000000000000e+00,0.000000000000000000e+00,0.000000000000000000e+00,0.000000000000000000e+00,0.000000000000000000e+00,0.000000000000000000e+00,0.000000000000000000e+00,7.859712445453152590e-05,4.144628382668469856e-05,1.067057068768465761e-05,2.178952724747975329e-05,4.251424394711813458e-05,1.310096057281084106e-05,0.000000000000000000e+00,0.000000000000000000e+00,0.000000000000000000e+00,0.000000000000000000e+00,0.000000000000000000e+00,0.000000000000000000e+00,0.000000000000000000e+00,0.000000000000000000e+00,0.000000000000000000e+00,0.000000000000000000e+00,0.000000000000000000e+00,0.000000000000000000e+00,0.000000000000000000e+00,0.000000000000000000e+00,0.000000000000000000e+00,0.000000000000000000e+00,0.000000000000000000e+00,0.000000000000000000e+00,0.000000000000000000e+00,0.000000000000000000e+00,0.000000000000000000e+00,0.000000000000000000e+00,4.866585232756884336e-05,0.000000000000000000e+00,0.000000000000000000e+00,0.000000000000000000e+00,0.000000000000000000e+00,0.000000000000000000e+00,0.000000000000000000e+00,0.000000000000000000e+00,0.000000000000000000e+00,0.000000000000000000e+00,0.000000000000000000e+00,0.000000000000000000e+00,0.000000000000000000e+00,0.000000000000000000e+00,0.000000000000000000e+00,1.485366066067161814e-05,3.866141358878897081e-05,1.987548732204299463e-05,1.812495216683533163e-06,0.000000000000000000e+00,0.000000000000000000e+00,0.000000000000000000e+00,0.000000000000000000e+00,0.000000000000000000e+00,0.000000000000000000e+00,0.000000000000000000e+00,0.000000000000000000e+00,0.000000000000000000e+00,6.149589025010778344e-05,5.219098928335679898e-05,6.129511611960797659e-05,0.000000000000000000e+00,3.650112121092571117e-05,4.671758666885075404e-06,2.630429036640658923e-05,0.000000000000000000e+00,9.501366512824458864e-05
0.000000000000000000e+00,0.000000000000000000e+00,0.000000000000000000e+00,0.000000000000000000e+00,0.000000000000000000e+00,0.000000000000000000e+00,0.000000000000000000e+00,0.000000000000000000e+00,0.000000000000000000e+00,0.000000000000000000e+00,0.000000000000000000e+00,0.000000000000000000e+00,0.000000000000000000e+00,0.000000000000000000e+00,0.000000000000000000e+00,0.000000000000000000e+00,0.000000000000000000e+00,0.000000000000000000e+00,0.000000000000000000e+00,0.000000000000000000e+00,0.000000000000000000e+00,0.000000000000000000e+00,0.000000000000000000e+00,0.000000000000000000e+00,0.000000000000000000e+00,0.000000000000000000e+00,0.000000000000000000e+00,0.000000000000000000e+00,0.000000000000000000e+00,4.052229982476900528e-05,4.387624306599256335e-05,0.000000000000000000e+00,0.000000000000000000e+00,0.000000000000000000e+00,0.000000000000000000e+00,0.000000000000000000e+00,0.000000000000000000e+00,0.000000000000000000e+00,0.000000000000000000e+00,0.000000000000000000e+00,0.000000000000000000e+00,0.000000000000000000e+00,0.000000000000000000e+00,0.000000000000000000e+00,0.000000000000000000e+00,0.000000000000000000e+00,0.000000000000000000e+00,0.000000000000000000e+00,0.000000000000000000e+00,0.000000000000000000e+00,0.000000000000000000e+00,0.000000000000000000e+00,0.000000000000000000e+00,0.000000000000000000e+00,0.000000000000000000e+00,0.000000000000000000e+00,0.000000000000000000e+00,0.000000000000000000e+00,0.000000000000000000e+00,0.000000000000000000e+00,0.000000000000000000e+00,6.222739582587751288e-05,4.847845633307195544e-05,1.284074460742312424e-04,1.453677954952510576e-04,1.111591599871513455e-04,1.345749780570242211e-04,1.143408900398505700e-04,1.254852835395184926e-04,5.225142064751790819e-05,0.000000000000000000e+00,0.000000000000000000e+00,0.000000000000000000e+00,0.000000000000000000e+00,0.000000000000000000e+00,0.000000000000000000e+00,0.000000000000000000e+00,0.000000000000000000e+00,0.000000000000000000e+00,0.000000000000000000e+00,0.000000000000000000e+00,0.000000000000000000e+00,0.000000000000000000e+00,0.000000000000000000e+00,0.000000000000000000e+00,0.000000000000000000e+00,0.000000000000000000e+00,0.000000000000000000e+00,0.000000000000000000e+00,8.999287396374925903e-05,1.562789605322760424e-04,1.724180221151402057e-04,1.366602762975462396e-04,9.228168845888241152e-05,1.908201806765344899e-04,1.657982609129602237e-04,1.641953027325814712e-04,1.665153839205307297e-04,1.516056489511450418e-04,9.904068909762034237e-05,1.476424067065807875e-04,1.303309101253760855e-04,1.402953109347017846e-04,1.435194352163039603e-04,1.549778392150311709e-04,1.138514510486463949e-04,1.579184546150840505e-04,1.447108223559495199e-04,1.460521648931096140e-04,1.106531640760832178e-04,1.798428932381974688e-05,1.838995077820407148e-05,0.000000000000000000e+00,3.641452075784355915e-05,2.472611204152007426e-05,7.592026047862649319e-05,1.743056039838832241e-05,6.496377206120662758e-05,0.000000000000000000e+00,1.180550080100621982e-04,3.875934600019957372e-05,1.443686564281914503e-04,2.475263495523799830e-05,1.497979443358783637e-04,2.449227307651727906e-05,2.198070043475961540e-04,3.307912367269283410e-05,3.773640635226476869e-04
